0326730206
0340590342
0314961032
0356718364
0351208908
0388942865
0333438846
0309862367
0333614967
0320755783
0379471033
0319632729
0389635293
0343845239
0316838131
0320199530
0384490017
0359746834
0321014582
0319833935
0330747638
0315130872
0388715023
0321973298
0385734848
0306812882
0336321949
0330365403
0365638684
0398555080
0346308805
0377484912
0394698256
0337074628
0357838297
0364497678
0330057853
0327502456
0323702263
0369810966
0347170530
0389845013
0358495526
0369093510
0397546853
0318040759
0311726137
0323263595
0360426521
0314064307
0362098660
0389747800
0329324920
0334703098
0315441451
0335480665
0345599404
0320780141
0389367367
0312412099
0373633653
0354349026
0362394835
0383282582
0364651176
0320039460
0359595289
0315154361
0305905911
0351589619
0360109841
0388787878
0363360860
0316336329
0327452987
0388748475
0378720029
0363412492
0366626790
0364558598
0326640871
0337601434
0377999110
0371872112
0370938458
0345506519
0337625706
0368886291
0342652668
0395639207
0325941429
0324622766
0304838236
0374234129
0311555944
0349948351
0300839724
0385347774
0331086004
0370681030
0371880019
0376881658
0370133333
0368165615
0371936552
0332076600
0394438351
0384821366
0382166767
0325177484
0342234712
0303245247
0340230419
0303252118
0353851627
0304172675
0374939962
0340854252
0334347720
0354409915
0330559248
0368049140
0348538903
0300785364
0318270666
0333552197
0362607799
0379674982
0387027853
0365833271
0328110094
0341048493
0307956664
0389489773
0304307805
0350346318
0358245806
0339394231
0304643426
0366362268
0386508034
0369825397
0331581276
0386779390
0310927296
0376311222
0396095953
0307205531
0337732774
0360348845
0366479445
0332534937
0392295086
0356703603
0379430156
0399769540
0350255042
0389612628
0384482000
0328567240
0313816142
0396795440
0319374988
0302090533
0361131717
0336878079
0300813523
0341327294
0379324576
0364519302
0335090447
0311611457
0325439215
0343134634
0367326248
0355935708
0306694651
0361055070
0352072845
0338017582
0305832298
0361102862
0385906037
0375672332
0398181308
0332126861
0354999446
0359880505
0379713494
0387553499
0381742773
0320597771
0356895172
0387280156
0368890688
0347191635
0396331636
0352645847
0399392779
0316020551
0387826901
0324655894
0391216684
0318980380
0355789405
0341597157
0351783640
0364736155
0305592520
0385308224
0340161713
0327717769
0312755061
0378564328
0349242744
0392724648
0323238102
0302360084
0393765615
0379725540
0392873056
0306646534
0315861888
0381143538
0396568910
0385654886
0337509930
0386011579
0359153016
0317310548
0372318118
0300039016
0377524443
0317638449
0349643794
0331479750
0373323855
0383983107
0315262150
0385504096
0333442941
0383661259
0305706781
0378252377
0389578937
0377461029
0342389323
0362618267
0367828591
0385260315
0394854809
0392783430
0358227987
0347186443
0353179131
0398345709
0304344462
0334267732
0323930853
0351401710
0341796312
0305556352
0338086866
0363952285
0333993034
0355401922
0343410230
0363538800
0335315510
0347114717
0359067672
0350410179
0310490171
0338541081
0363901033
0380386917
0348230989
0308735266
0328099076
0336973610
0313040803
0366288039
0350567931
0360473643
0313161874
0369593447
0334025775
0335881119
0324574255
0340852626
0360836458
0343937132
0318436193
0381585077
0393926955
0326829037
0349345815
0329167636
0378250999
0391229901
0384717734
0340527008
0379105891
0376485218
0398713450
0358780230
0374377544
0387182383
0353340981
0322781690
0399753497
0301173843
0310973615
0335603465
0391422090
0343413203
0394802227
0355157912
0344927497
0301087566
0326144913
0318402458
0333385778
0385981376
0360173957
0347456934
0345719702
0381444507
0347603235
0322405522
0339769807
0370376402
0340084717
0395086372
0384610661
0395734136
0330226155
0329508804
0354996860
0339344526
0302800016
0308340063
0382504032
0361863975
0367050871
0315655501
0300920609
0374698194
0380151997
0360908063
0329500772
0328396821
0368468149
0340807164
0347734862
0389798178
0389072087
0355772382
0330979026
0307874698
0313375561
0390360223
0376317232
0300424830
0343658426
0363999403
0308543283
0320748448
0345762963
0304115143
0389319132
0309319429
0390312926
0374958492
0372748174
0338493753
0372848288
0304312182
0354838372
0392185770
0317762690
0338511560
0373730314
0386733583
0357321116
0307549985
0307594803
0331131323
0378440987
0398905584
0305176302
0370418706
0340533497
0303958650
0367812942
0305645365
0328767361
0350745740
0380177009
0327701451
0319158272
0358970063
0305300922
0384193534
0386005679
0357711174
0389472638
0337841265
0316691308
0344038617
0335856884
0323688465
0388072721
0336475794
0340432353
0360699020
0352715844
0368368395
0305955839
0336778140
0316718952
0308530275
0310380187
0315193431
0300637885
0326479547
0328135090
0398990599
0378253623
0308605253
0388530896
0354540680
0349097208
0336026823
0323791309
0348496674
0398147033
0394800176
0341009245
0349196698
0353693565
0357286942
0315772967
0328371887
0318216951
0362328422
0378848819
0317449400
0398040768
0317436700
0398056342
0359789841
0376089055
0323735196
0327099028
0354624187
0325731187
0366426389
0333618921
0375393148
0317075016
0378211826
0394963688
0343936084
0332553454
0322804713
0370768842
0370031790
0337843268
0399376289
0351068695
0334431131
0353180384
0322631054
0304106299
0324113770
0392432930
0303979626
0370013704
0386058691
0301077047
0303560545
0318173090
0351729558
0379391789
0341411332
0323393756
0313220485
0309092585
0325529555
0346923160
0386021558
0342790278
0396124317
0349972029
0367549481
0379187416
0365106111
0322071979
0358359707
0312426671
0328821355
0335453725
0303276014
0330347476
0378984714
0353250330
0349983786
0325615023
0305118920
0319631412
0333474074
0384308583
0388817359
0361895617
0396690122
0324482097
0390102875
0360684894
0369191429
0394102764
0379194465
0362487369
0373578876
0317096205
0340763889
0310237707
0306192165
0351857566
0316965653
0387268110
0360496815
0338976899
0323681662
0314843199
0348431664
0319313931
0399580144
0362305448
0326737276
0339834068
0301675373
0342488238
0311219119
0366828797
0374794413
0374908556
0327676746
0348952272
0349566310
0376869667
0341674060
0301705165
0325864910
0337041973
0317855440
0351649195
0380037866
0381350072
0319367150
0369099364
0360829625
0378126050
0382846292
0351384949
0353398461
0314858846
0369298562
0352117370
0336602120
0399025684
0344195429
0378926265
0362809064
0388211164
0343461003
0345868891
0374025708
0311963447
0325815034
0347346483
0345330811
0373309674
0365284261
0329475378
0343022939
0359942052
0354284318
0338747167
0311935315
0359261782
0334132889
0395154860
0303049944
0305970664
0340638397
0351439488
0390646927
0346880323
0335915809
0307265212
0363934243
0341306746
0320223329
0321395312
0345681833
0364503816
0336613992
0370317774
0347185083
0356901042
0322084329
0316746137
0304719679
0314710928
0384174974
0300437077
0312855723
0337115091
0310597506
0328072140
0369391427
0318486734
0347411550
0388796936
0315492414
0337460767
0304410901
0310394066
0389764198
0389126619
0382232134
0331403597
0348251515
0399320003
0323928029
0308527983
0338144652
0330967873
0385782164
0355290242
0331413827
0344722809
0392688805
0361039460
0366548186
0381987138
0315706683
0337512661
0328942999
0320585346
0392874403
0367061652
0338084875
0344922713
0365163715
0331667984
0392455067
0376705952
0370786503
0352971015
0347026774
0359141269
0380801421
0318704185
0363202698
0356105424
0399941440
0320958548
0376987302
0328063069
0309949552
0399452499
0324431180
0355053410
0307483003
0369743682
0380368706
0343448461
0373961851
0332409797
0314781649
0339406543
0314478731
0391355172
0331042331
0397817683
0379826255
0304403207
0322640268
0357878386
0393077595
0347845218
0314024281
0354041670
0344191274
0320103637
0383520068
0340571326
0367499794
0357961468
0398152670
0314200549
0345853894
0385146484
0398685170
0314441517
0302366019
0346897258
0355254552
0368748477
0329838497
0386059069
0320125213
0398072427
0350560393
0328419933
0364493092
0310831083
0399289801
0369480392
0397740674
0327284226
0324900176
0322972775
0389448182
0370354399
0399312823
0319210119
0396806982
0361741322
0357382061
0330545823
0331583531
0300905490
0365185063
0357235532
0347468477
0379767367
0333928655
0308166514
0349479442
0307418574
0328946850
0309862011
0368438346
0379758119
0374912909
0319570228
0306082883
0300253273
0315767405
0393896253
0353591253
0342887502
0390891513
0367927687
0377888848
0310574178
0373927176
0363920627
0375932322
0339795669
0376052202
0319330165
0351631550
0364408110
0352758681
0381469131
0382189587
0338888114
0357793554
0327744165
0314209392
0349362430
0300234134
0374065837
0349612824
0341654710
0378645112
0397476441
0349664658
0304863615
0365497318
0357811883
0300792255
0369524877
0318769960
0315094599
0300737178
0343723131
0367928882
0312435795
0336915960
0352860093
0397775047
0306656342
0304568408
0341762590
0305188960
0371639869
0308715807
0307130891
0351180319
0322297134
0357318451
0342659008
0332101502
0389695225
0396246262
0301273820
0359227352
0381239685
0393523550
0385203087
0342818606
0376621914
0394484904
0303732369
0302241347
0319481796
0302683143
0301365387
0335922277
0359738605
0381695058
0364621409
0362757682
0385791154
0374075233
0397974913
0334120042
0325334780
0350667736
0353433511
0339081692
0318537274
0398656622
0356917895
0318521055
0319591678
0347175632
0335903029
0337746721
0325904253
0332149250
0301134431
0339465665
0392525237
0310490577
0354855378
0382300021
0364858963
0363329128
0338625995
0315063724
0329640227
0345657407
0323567585
0398681879
0314187779
0386043560
0310111118
0385646034
0356527374
0381310609
0378877823
0383879255
0390034669
0332294110
0304893095
0307762734
0329024508
0399675741
0332782003
0300111601
0332614689
0300781115
0313316756
0301859246
0375881257
0360852541
0331160714
0375408747
0307945372
0382952588
0357798929
0381523448
0328305766
0341460361
0330596121
0386398661
0398771164
0305510693
0388372444
0343063104
0332309758
0374729788
0376471294
0343875224
0314078504
0300696174
0327143069
0347823342
0300708202
0382993942
0357956538
0325899336
0354305134
0351832094
0372459111
0346231728
0337461113
0301673729
0351148946
0387327844
0338570888
0365898210
0355549197
0390730906
0385283935
0303474956
0315413147
0340894717
0365966816
0374508468
0366864308
0385017610
0311763134
0393306459
0366150354
0397387858
0332473229
0309443183
0330578857
0318530908
0311000543
0362188792
0315118050
0363692061
0344593212
0301974067
0380307891
0341625674
0372748159
0375574155
0318845593
0365298134
0364779074
0334194679
0303470508
0389461540
0309536210
0383272115
0370181419
0313285944
0328120049
0370081450
0364675688
0349572436
0349044978
0395899878
0306468715
0385859800
0370832417
0333173340
0337780265
0372368884
0380421869
0368401307
0360345931
0322624355
0315708317
0323364852
0350259183
0335878344
0361726425
0343567474
0305806286
0353889094
0395969045
0377087797
0320941842
0395675809
0333519191
0328612246
0372217028
0315418742
0317568536
0320911567
0390074384
0326194844
0342572898
0337596468
0352638390
0337884223
0320759361
0313319112
0313818425
0382866279
0308118014
0359978043
0318721056
0317162909
0343880880
0348137832
0362245907
0368160152
0334538623
0347581995
0338198404
0313509521
0301700730
0368151013
0388811103
0357405761
0346285571
0332628305
0365556407
0318529691
0319678933
0316057117
0389833293
0319103977
0346334374
0366056827
0311033001
0312999702
0338604325
0303194413
0317763738
0387936412
0331133338
0311294705
0361366509
0396534046
0319941210
0310368631
0336978778
0365993188
0360842363
0363826583
0305695207
0367289672
0392441165
0348865657
0343780096
0372039402
0346320299
0336090057
0320536930
0368256651
0323902227
0347345507
0320459890
0317505597
0336126850
0374157310
0333531663
0332210412
0388713141
0322584527
0317516205
0398825747
0306188454
0324927799
0315975836
0390176229
0359139855
0349922272
0353982484
0324514768
0315660650
0333279802
0370806465
0300938823
0340289763
0338468398
0330291591
0384909021
0383304146
0332898199
0386617086
0356646170
0300612035
0317049240
0385423217
0308203790
0383386571
0343000512
0357853033
0352399997
0388314954
0304610126
0384710083
0338701243
0365843378
0338230830
0354643925
0392725158
0301642889
0335570299
0372632844
0379050285
0397444731
0348294853
0339648757
0379331147
0335352623
0310002694
0349345728
0374588819
0308117296
0341531804
0324008462
0353859837
0375618601
0313748428
0375122333
0308147973
0316468633
0343702392
0322499955
0370442318
0357665816
0328484526
0380741606
0375233693
0384177944
0338357256
0331878657
0388125214
0345521107
0341298733
0322740792
0310897865
0392707789
0393467260
0311946789
0350670813
0362444158
0363245031
0332596048
0352067379
0328374283
0369441094
0383121535
0329730728
0302611709
0369352717
0344515255
0348618365
0363835648
0371010036
0340276759
0312774178
0354412626
0366305994
0369131008
0317962955
0367160422
0393173727
0328051237
0304119150
0366232524
0305013475
0324321555
0326588407
0363497790
0351363459
0329505295
0301506315
0365300004
0357023289
0317427820
0392269865
0353895123
0304370178
0343131355
0315877347
0366509065
0392038972
0353493660
0382013432
0318462269
0372449563
0335466487
0371846487
0370374985
0322527757
0340696319
0388086478
0375581789
0371837541
0379936507
0366658898
0367999239
0359830803
0342101021
0329249545
0363497392
0305451567
0366052238
0306480552
0383771686
0302710626
0308984778
0306646109
0312584929
0301753426
0333838086
0352586358
0371069658
0399111861
0352780551
0359378158
0394150273
0307648479
0310698191
0300055822
0351048585
0342692870
0343551063
0318079780
0366631505
0370555090
0361418421
0366082080
0368838019
0350117663
0392738618
0328456775
0364893161
0337052528
0387580535
0300525450
0370043151
0392106611
0350760606
0305430087
0323153247
0302600936
0306714669
0388430288
0349558440
0319386988
0397444514
0387730055
0348462937
0380929428
0324703539
0395640817
0385098015
0371766993
0375013314
0399063149
0328685777
0395862481
0364649674
0319494722
0346001181
0365757171
0358396608
0378940642
0338360508
0322785451
0323023083
0306877200
0371634158
0352398795
0342314040
0315462170
0380745796
0375568760
0332035085
0318352065
0387479969
0348946446
0390548163
0399856927
0330268115
0343507744
0324482531
0354416648
0395902651
0389602622
0350461383
0354997995
0307558034
0385267211
0333153130
0380004548
0326267613
0320451496
0339148941
0380675229
0394840443
0341077633
0389410302
0322776040
0369681042
0363991878
0310010678
0308934617
0382790574
0359331147
0305323670
0372286091
0327868389
0367753067
0355206094
0343436847
0316655659
0334459631
0317114506
0318769117
0393295931
0396247892
0333089538
0346302799
0321681014
0341215701
0342846590
0378330656
0399624181
0394240576
0335961579
0319509670
0372836258
0377258798
0350888643
0384349458
0337737890
0343167719
0315027561
0352034869
0338441969
0351277500
0355480543
0326659687
0340953934
0372156403
0301590361
0387215972
0309260560
0309957025
0359385796
0347837884
0331178826
0380126913
0327196454
0302807658
0339510988
0344484411
0364174984
0309649761
0309519051
0320443390
0330203157
0351424101
0370236192
0349636310
0383339770
0394977177
0311357825
0369694375
0314564526
0344625250
0392772336
0352126723
0387931218
0346691142
0356113379
0380899521
0342424134
0311939482
0364256192
0335315021
0327461787
0313353591
0380308418
0345368924
0392067302
0323042643
0328314084
0378110134
0324926642
0329378945
0376587297
0358762478
0314789431
0383345356
0331435751
0330078975
0355879395
0339634655
0364790165
0379712939
0381525362
0346444383
0319548447
0378296093
0301659242
0398503674
0335272721
0389088156
0328841563
0364513289
0366628186
0371042501
0394322209
0322495248
0321184323
0353131611
0315264182
0303727944
0320112795
0319183045
0389710422
0317001516
0392796961
0379363997
0394459580
0354167347
0360757618
0366460848
0349703718
0330877959
0325979211
0373722961
0361811738
0386823051
0314385491
0389414391
0323316977
0347736293
0314851694
0382924643
0396645165
0300696349
0376797412
0309201170
0340436556
0367620246
0394994943
0364460596
0336339569
0309926801
0373107826
0384152263
0373034937
0362801245
0334014723
0361518420
0305275135
0347554861
0399360112
0395768202
0369873610
0349230980
0350120615
0367065896
0301156915
0336221573
0322494164
0380872245
0351448220
0397081258
0335930430
0319243834
0363586438
0391596899
0365226249
0391196842
0381055779
0385946615
0350946830
0339506135
0318002976
0301061287
0302909470
0362581178
0345447088
0309807671
0392651268
0351383397
0372459349
0368631400
0389111876
0355309886
0396739535
0378639018
0320989154
0396940607
0323042383
0329453255
0334254297
0316270063
0357369481
0376705204
0388641140
0308224928
0364271352
0361025644
0357130872
0341481207
0326463355
0370969675
0301805530
0396573657
0392423657
0371457053
0352098192
0392963269
0348425804
0335431276
0300654674
0334732900
0353638381
0305873196
0382944799
0370187868
0395476254
0392812633
0315741072
0313479544
0300121077
0368598886
0360473475
0371392459
0342583265
0305167715
0363332643
0355072669
0380364011
0334994172
0321418574
0350701876
0317670628
0320681189
0383003023
0356169127
0338742155
0371389662
0329753407
0309726444
0310268102
0380849561
0323752762
0353013295
0327532418
0355250822
0328071026
0353388108
0316204460
0371336557
0362635078
0300989683
0343712146
0302191841
0377685041
0385439772
0346978128
0383952174
0301011292
0386173047
0393300292
0347050341
0343473283
0314432692
0365923855
0330689117
0344128597
0303901903
0305009805
0313607365
0303763778
0322907181
0337113491
0364823400
0369598728
0336463906
0363967900
0396449258
0381514759
0326928977
0317802791
0387811739
0317956811
0303713304
0303351245
0319027284
0375340878
0372223754
0362555304
0331640611
0362567514
0332966690
0320552953
0302958572
0398646073
0349823317
0396024874
0388727945
0331198573
0392056131
0316360228
0314217094
0314056987
0399402744
0380542393
0324177764
0323392388
0326800608
0327259600
0374545566
0306387264
0315775857
0326625120
0393285714
0369261595
0336650134
0344214680
0391992601
0373858915
0306864374
0373095272
0337163185
0328337283
0345123474
0380050087
0347130218
0359313316
0362514053
0361440833
0311533803
0327950707
0356453877
0353212108
0390057227
0304921929
0366041555
0370722302
0308643623
0388206100
0317921067
0369093771
0363059058
0313595738
0300549016
0385373799
0384071315
0314231800
0341555848
0324036603
0399886670
0380032315
0347712345
0357153383
0304806397
0399929043
0336297033
0300580433
0301206976
0320773326
0331872650
0321369384
0378873529
0317100474
0371367726
0339707950
0361157875
0312528596
0318086252
0392267552
0355602007
0390248707
0390511456
0336395655
0332317865
0306422594
0355197311
0386535790
0396436923
0306427346
0358263036
0370792985
0324503935
0369931445
0350434806
0320094633
0392319272
0344002760
0353975183
0320702847
0367447503
0380867989
0376925179
0322902222
0320172901
0392120261
0346338937
0330557455
0300119153
0300580875
0304642059
0324583510
0311322598
0309817667
0393149594
0304660850
0325164102
0371679871
0359522748
0368785834
0305473268
0314398840
0363280608
0373018683
0332330959
0330862403
0362958998
0350909001
0377470891
0332512289
0396554927
0327611778
0324445780
0361786108
0346611750
0349332960
0399454323
0377343826
0378310627
0378044068
0378611100
0352787992
0368276546
0388359373
0325633953
0378785487
0300402691
0370036263
0395940844
0374434691
0300065379
0365919630
0384600366
0300725233
0360082490
0386537242
0392724682
0340149065
0332921523
0310448862
0348049561
0384815870
0344202507
0315536745
0332326033
0367305370
0357072692
0322114603
0311304558
0368738162
0361439798
0363320867
0380846371
0385250712
0393340162
0328500197
0384320135
0391274511
0365316726
0337799007
0326230627
0349577645
0398983437
0339057118
0300319386
0370761869
0370282562
0342932216
0360918064
0375930469
0323362134
0302263610
0381347303
0331735385
0301085183
0376450035
0344727201
0394783974
0379138967
0329059859
0397951102
0313139149
0397027798
0356308445
0319290777
0338718615
0351381288
0375874242
0306731396
0363783819
0320224486
0358269957
0317506994
0307330876
0380461932
0332898420
0331953611
0363923647
0355975567
0394980275
0334672319
0393923188
0314184432
0382862868
0372005022
0313124236
0313065937
0383072100
0331152266
0327783794
0324106642
0353428058
0379576831
0377231127
0326164306
0322979578
0364766009
0334540835
0377156379
0372984771
0350671127
0336653945
0339202506
0360627769
0361416150
0351742452
0320825148
0350033106
0357085558
0329774259
0382974995
0300993316
0351264042
0301889214
0354925014
0380965150
0363546713
0387888307
0303034805
0345425359
0367143710
0365090509
0309171311
0316653957
0328326891
0309376209
0384530898
0392959409
0312943738
0315953782
0322709634
0312803855
0379868133
0350702431
0335694194
0397718493
0384712281
0372640161
0388223568
0385591477
0302265956
0369876081
0385973520
0334152581
0330560210
0372979430
0384837896
0357367258
0346084914
0312795448
0374668780
0334817823
0395343186
0315068152
0318177216
0338232925
0315604319
0388727452
0332878905
0379275285
0371778410
0317148981
0355339410
0382089990
0374038468
0391537080
0388115768
0351726948
0320546706
0303064712
0307448184
0349877417
0375158595
0373241561
0363369269
0318358697
0325211984
0316142612
0360083101
0383958326
0382594610
0354254010
0317305399
0306532802
0306849911
0331915861
0344701577
0316238195
0304009516
0322522399
0386648048
0320551036
0391357334
0309949524
0316092625
0354509421
0353558072
0332465887
0355643732
0336037885
0306724244
0334642850
0357741787
0393674882
0314968055
0393965149
0348791743
0309457804
0329020224
0310447430
0330556623
0337497879
0336451045
0393824061
0321177430
0318925400
0307547915
0355388539
0394651786
0323219204
0302117019
0305997749
0384806298
0316876190
0320068317
0361453810
0382805936
0311029340
0315291994
0312346295
0369095892
0337449240
0333135139
0305949076
0386470930
0364492157
0345713617
0330795236
0335127320
0382232629
0397240055
0302498966
0309057159
0379809921
0356892234
0368715429
0336993504
0334826271
0378743893
0388148331
0379155877
0373094397
0398661647
0347139540
0354978489
0376381557
0382615968
0381492910
0376449958
0398382008
0310557039
0303227435
0307300397
0395826954
0360405636
0315591166
0334579258
0314632819
0359600574
0382610593
0388028427
0323890013
0336319173
0342913454
0359789348
0317401340
0395147591
0304643083
0302880919
0366167558
0314784770
0385907876
0366955771
0388038947
0364495706
0357300397
0350940985
0390711885
0394515883
0386101869
0320959621
0364261719
0389552622
0383888468
0373324180
0396330855
0393275435
0340013079
0374977634
0364449931
0373310498
0367590811
0368160186
0376497481
0331558136
0346592001
0344697478
0343715331
0343346019
0336649404
0320491132
0307534916
0375097469
0385807955
0345075250
0313825842
0376290296
0366876399
0386662511
0356798317
0335384617
0312107657
0380108374
0351819468
0377656426
0331246859
0302554226
0333728481
0334285338
0333642282
0380189335
0398346565
0374923110
0355393434
0346437920
0330713172
0342897214
0314809113
0364127621
0338385148
0373328956
0358168090
0329000672
0390915249
0392383022
0367602103
0321760074
0387956194
0333347468
0345818798
0333360241
0372890028
0342039895
0331871837
0320363954
0365246088
0305692707
0359512221
0338243282
0386499379
0304433628
0324478354
0392794725
0305734360
0379447003
0377212737
0352115564
0387108122
0382436129
0341515263
0363199833
0354811801
0367238632
0337385555
0352655691
0354625830
0328997985
0348186477
0332440772
0353740719
0382332602
0379678409
0313850524
0396144592
0308738731
0384708748
0306645072
0390758333
0364070890
0305726290
0312637696
0324835580
0351024810
0348876089
0349896260
0354413723
0384650627
0362329104
0342090629
0300694928
0389838080
0304939014
0350243012
0312688196
0395398177
0377879131
0322353917
0398892989
0383764136
0315376945
0317107386
0360366972
0382658896
0310312135
0385854818
0334206568
0300368978
0387105579
0318812137
0329341397
0380288572
0318046546
0380792760
0365036998
0307848515
0307075812
0303847702
0334844773
0382348885
0380888271
0320363718
0383969565
0351777429
0397631752
0375668819
0328556586
0382082907
0338059659
0326728049
0307604525
0354172380
0350119859
0357151701
0331342553
0387756706
0343751041
0351809529
0318673883
0327245865
0358819307
0343812022
0324934192
0336634783
0306394068
0328874746
0338377512
0321858479
0310946184
0361425418
0304757342
0381547037
0341863431
0347003413
0364014059
0343654224
0395784159
0355862068
0356807866
0358031183
0328818907
0366947938
0396639120
0335191780
0329410366
0339909329
0318608281
0312783266
0366560290
0311081580
0383095357
0359666702
0383473336
0335979558
0367961239
0332611981
0370997949
0351645665
0395452031
0375450214
0373117738
0330773851
0313808199
0353813977
0396181456
0325882601
0321212579
0334419432
0330252005
0379465120
0375576360
0382855985
0322758203
0358786248
0308286155
0343882170
0317922920
0316770647
0357470481
0301188388
0368116767
0308931668
0324717473
0383034757
0347320419
0327854088
0346172071
0384571784
0384435552
0357462254
0322542092
0349290654
0397887948
0377749659
0345120233
0311266894
0361460896
0363067750
0366834351
0346031473
0326688757
0362134981
0376875339
0344297037
0366759207
0396826079
0377750949
0337695232
0390602988
0353799430
0300067265
0342564286
0344824677
0378102494
0370157333
0358389995
0339148839
0313954193
0333383662
0387512218
0383598628
0337932661
0364440488
0380464876
0359520847
0386178727
0320140369
0351657100
0363830134
0314850762
0320978970
0377530552
0344047031
0308324540
0314771138
0376500635
0368492215
0328593756
0329543500
0380189908
0315532192
0377829406
0381317028
0364892873
0367357345
0370892229
0385196254
0302859933
0358095874
0348092009
0390164435
0344061380
0321048077
0322883444
0339666501
0365519694
0395574788
0311553327
0317200583
0335576393
0312136384
0354574965
0394338348
0381735155
0307024225
0373865688
0372329803
0390239227
0372126368
0395025759
0318105481
0347143909
0307362084
0343816011
0338369143
0390215391
0388727358
0380512090
0347646072
0322870656
0399555325
0361020326
0373129069
0356805381
0327823203
0345413152
0373643569
0314641401
0383030995
0369790881
0375039913
0384678787
0314218671
0379791601
0349520839
0388418514
0346499773
0337204292
0338209493
0332036339
0361552248
0375818001
0321956493
0396368441
0358384997
0377556922
0320672298
0321422459
0312375016
0366907528
0398001222
0347570760
0386351470
0329604051
0312447493
0391579036
0345525411
0368940700
0359592623
0347292953
0305922634
0324998885
0350691870
0327281391
0371046364
0396866641
0343845561
0318266645
0376417292
0328341288
0311635907
0354139431
0393358098
0322363726
0384137181
0395216783
0393150285
0397554970
0338723381
0377236181
0387361704
0306537249
0359434706
0374422620
0353590270
0310782262
0335015185
0372868169
0317621540
0397001354
0354132446
0329331584
0375574161
0391122441
0335922055
0339238804
0379639309
0359009354
0355152184
0310024218
0324396654
0362287959
0308717210
0333197094
0308824148
0393158254
0311828975
0394076010
0326550209
0377148158
0305993431
0373931798
0342530170
0354465558
0339676167
0304689365
0323995150
0397793178
0386613329
0309218487
0339789741
0311702674
0320792305
0344768022
0350762732
0344116399
0307512777
0341282232
0365587424
0394350797
0323332524
0373509743
0339097322
0314928430
0376144877
0342768732
0378531975
0351542561
0333736934
0387185334
0357569777
0372144358
0370462312
0330441869
0394430724
0379971431
0338874468
0333842113
0344536170
0323304475
0305148480
0310257967
0386747436
0332714420
0338528398
0367589616
0390117303
0399220968
0309076285
0331127487
0315626715
0362867844
0318731424
0304066561
0392324040
0340936242
0318151223
0325963347
0371479465
0384987727
0355008940
0323082552
0337159323
0322534742
0382363533
0368515428
0374346501
0327439967
0321665287
0303649602
0316428169
0371268852
0353765790
0343923809
0331465449
0315894899
0355803686
0368296172
0381631461
0352003057
0305207109
0384686020
0325793512
0354245020
0324100888
0327511918
0340995596
0326737169
0333432316
0362057529
0339996469
0387198448
0304131743
0372523414
0371656433
0323524808
0392164588
0379047371
0312101219
0381941393
0356828111
0309394280
0367155838
0318267847
0307787691
0398996800
0303702570
0387045430
0364216978
0372465945
0373662397
0351962329
0328754629
0300684886
0395415607
0394865270
0377362940
0306079453
0314150539
0366174825
0390099063
0375156837
0394470810
0365683774
0377786369
0361236995
0369720797
0326737338
0349235691
0385173557
0316071795
0341478988
0386999803
0338477130
0325290521
0350899060
0326696214
0370922372
0348671676
0300135613
0379177488
0381134420
0353494360
0392680105
0387150701
0340080565
0359692493
0310824315
0368370373
0331592039
0351636771
0322668859
0351374498
0327465203
0344311164
0317640091
0393153436
0338609586
0380625968
0353583204
0366058053
0306594614
0382546009
0327378041
0375156249
0377368968
0393538102
0342946167
0342355638
0364550418
0347824050
0306406445
0322910880
0321490183
0373151734
0311588947
0315094768
0347104840
0307634624
0327991366
0321189473
0329079706
0389096009
0361760198
0338712977
0387493203
0377032279
0323742557
0394257836
0325060578
0305724186
0340827386
0325299014
0355282890
0317908208
0304996185
0332672623
0354842846
0397698127
0318327239
0323314069
0317109322
0367343268
0341201825
0380432472
0338000969
0343252638
0335798635
0362904183
0382695301
0313238490
0364978799
0358697600
0385626755
0358601679
0360218118
0399123591
0382461374
0339902471
0391244718
0372067005
0328591859
0321526963
0360166279
0352128625
0387355288
0306645568
0319027984
0374703390
0339149204
0339635456
0324534620
0309544245
0326269895
0331497573
0369921608
0399361183
0391667180
0394345079
0347535277
0381464310
0389470093
0347660875
0354151895
0348017950
0329059798
0302930203
0384641598
0384055454
0391575492
0393215489
0314332553
0316351906
0310622388
0341600252
0365885170
0332898619
0309300854
0389132873
0303299230
0321551927
0310898896
0321406990
0345270683
0359158160
0342293154
0301270670
0307571051
0336233549
0352785215
0358596258
0385423842
0342957899
0329617384
0359403415
0374599922
0310736602
0350230764
0307891394
0395301320
0320128344
0386044165
0364446228
0319150818
0358079777
0312847161
0382124906
0349730565
0395292134
0303641940
0321908973
0325317610
0381018776
0386732482
0383155192
0357577755
0384260247
0392752813
0348779526
0344058595
0390244856
0365195748
0398905607
0343393518
0358866216
0347006169
0328511365
0399417766
0383242419
0347412052
0342790569
0315398081
0339446349
0325161621
0346938675
0323377821
0322611421
0310549929
0373912572
0335086508
0378018855
0372046903
0342730477
0337076501
0383401506
0330065165
0326276561
0325488685
0319723230
0366288849
0305404713
0353268869
0341179160
0384856136
0307164042
0340545125
0301341506
0355935873
0307076731
0389427017
0350494852
0369036132
0383969549
0390272418
0380153858
0366816755
0388093712
0330572802
0343375894
0385665688
0328717404
0301841850
0381871233
0346626252
0352909204
0356920335
0332473530
0334633417
0396574035
0387375595
0322564397
0346666148
0369569325
0304712181
0310881559
0348666689
0347441568
0344956437
0314517934
0322498335
0319795966
0335688642
0340469650
0345449179
0352479294
0327178952
0317746755
0356355297
0328809084
0376367093
0339947196
0381741587
0375561387
0327998121
0314434110
0304752916
0359497852
0367400822
0356654929
0303959837
0310763088
0316099529
0395236894
0344803731
0387714406
0373948690
0398656643
0374667885
0307969783
0373357767
0349502454
0364960893
0312043945
0309661801
0325513810
0303729959
0355456709
0326150808
0364066468
0302713768
0320135873
0364280145
0301381236
0396303308
0371589371
0354562769
0319557797
0370494786
0376345033
0320044068
0341346367
0368331903
0338809922
0307255786
0330840892
0358081540
0339128130
0326695552
0398364863
0380855860
0347532399
0396863396
0323008890
0357406107
0353860989
0373604301
0330793041
0321026257
0350514752
0348791983
0378701678
0305529801
0378971155
0339857110
0380013071
0383933621
0311675885
0318498871
0393197691
0390517846
0318778633
0310605701
0395840050
0310621717
0378410955
0334995183
0389552607
0343049758
0333774737
0356764130
0345813464
0360840732
0391790750
0302988679
0324975093
0312819763
0327495352
0315971896
0314198424
0315557148
0368033252
0368155331
0370343099
0336297308
0342361053
0355908793
0315388678
0339678612
0333999962
0302299988
0370367596
0342604658
0388807025
0354938518
0346827412
0387159848
0329110235
0319544830
0330461833
0313207603
0320662560
0371473400
0382967900
0330780371
0328604749
0309392186
0319590721
0337699043
0343476770
0380497363
0383945583
0332307943
0310450474
0328655917
0355494413
0302558806
0335165525
0386268396
0310396927
0300492107
0348168879
0305054737
0392477210
0365346461
0318108837
0306965748
0387912382
0381997866
0304351811
0348851773
0396425811
0308502657
0393328971
0362043083
0338242530
0377006654
0390560244
0329214600
0371698211
0363471957
0354718877
0300097387
0313768169
0313116681
0377121786
0345880029
0392697445
0349923734
0335405083
0370481914
0367828888
0321473980
0398898494
0391558797
0306819016
0381074670
0370392529
0312468456
0380411418
0339607065
0320803967
0307145493
0386704934
0313610623
0399223275
0384754644
0389462644
0345966978
0338758617
0313119640
0374750947
0355293956
0358675260
0333092308
0365677108
0399779803
0346498260
0362079440
0322783907
0351502539
0346777906
0366388107
0390876447
0371419646
0300586826
0387103719
0317803420
0362860674
0315670753
0335213414
0375748152
0341476513
0382270061
0382036872
0387364558
0301675671
0332937047
0323509786
0315848687
0396247120
0301541928
0369755114
0399515643
0340407179
0312604904
0343441824
0378191575
0375637300
0347510209
0366627609
0318552070
0394665119
0306379623
0325767221
0369830817
0322905309
0393777862
0324456440
0370408878
0399416627
0354191671
0355667202
0307173656
0388536862
0344611611
0372746945
0366656361
0390648634
0352419703
0340343745
0397885303
0367487932
0302830085
0311902283
0325059175
0354671262
0305758492
0396536108
0326564246
0367024983
0310845939
0316385144
0378324641
0367066709
0327088709
0355378863
0341459825
0393118861
0390374310
0378994251
0359011201
0355095916
0346271114
0346352831
0338915050
0399155618
0312919950
0381367156
0333814872
0342326464
0383062233
0374131651
0338643597
0301590564
0347324055
0394808701
0320399699
0300297815
0370041208
0316673468
0343393035
0385575720
0390599221
0333454638
0367931430
0376811887
0317038085
0304052505
0324640527
0316864102
0375517007
0364179505
0309055660
0391622918
0340621957
0332722286
0307549029
0322254737
0328320678
0368480367
0348257505
0349543489
0399210263
0335383454
0359777581
0346888752
0302071094
0384172670
0350997083
0349017629
0360381724
0366452460
0386688469
0317898301
0337063724
0381576571
0356018931
0352925760
0344642368
0318154203
0321777001
0335432598
0318048280
0387486886
0353527548
0391799202
0394538005
0364776999
0329579955
0379833686
0311219052
0370757154
0372761211
0343312981
0336361654
0332477513
0329614142
0365447876
0317853536
0399632423
0359121827
0309517916
0314815805
0373307250
0345267794
0301296721
0313894901
0391134446
0304948996
0311147360
0392941818
0348717213
0393283720
0325987789
0320167555
0358606384
0357781536
0337612936
0380448355
0310433293
0381459565
0385836443
0343435636
0362950802
0343538114
0333550893
0377391203
0372082654
0320302588
0395499249
0339990839
0390069961
0301293430
0326646657
0358272465
0317246554
0343454735
0334414985
0374104376
0348537966
0336091981
0324317221
0375517211
0369611787
0341217036
0394744462
0318187229
0310770305
0338486808
0311054357
0331102147
0315278621
0351689252
0341771991
0363671974
0307989903
0332134603
0331083570
0369074298
0317844024
0366610688
0395308643
0354506400
0308268426
0396366526
0370186699
0343160033
0388939670
0355629223
0325065182
0356326388
0396625782
0341279974
0303346174
0375155699
0399319501
0310548475
0324139928
0320940007
0332488399
0325582728
0304688706
0389894575
0341010544
0364701931
0345589209
0358745262
0374419603
0387112080
0377922574
0333619934
0327051681
0323320982
0346928937
0393044586
0342408430
0304860429
0317199619
0307736301
0323742077
0350520285
0307975595
0350484721
0304153712
0318967027
0341437176
0361939893
0302748787
0387378389
0307334817
0354875987
0360326707
0337821914
0327986675
0335913508
0393892250
0353492415
0304700491
0362347697
0360731309
0337334539
0305875080
0304045795
0379997244
0308211709
0382453799
0309129480
0337027387
0329111432
0368670326
0330711963
0316657982
0333731401
0347079530
0342431405
0305883591
0308132694
0346207685
0323439739
0327613168
0366833181
0303464027
0314729443
0385687851
0332639462
0395391579
0337032142
0360256247
0336469600
0348686432
0391756534
0340214433
0350479408
0380274106
0349047246
0395056997
0372903791
0345858209
0319414323
0357082260
0314427766
0344169746
0374504767
0321439634
0330856326
0379505907
0330698268
0364996055
0374205216
0396478068
0303317774
0379548590
0352801243
0335174205
0360171424
0387200384
0332641836
0362013100
0347467909
0335299593
0375115377
0309120502
0310956658
0390789529
0334017326
0320945312
0320843974
0331673116
0365752286
0318082310
0396828170
0324471814
0372028378
0361966630
0354381557
0355964764
0371240107
0322710021
0318696338
0335251376
0328694721
0345198740
0325728108
0312612405
0389983762
0313977475
0365930607
0392652024
0368378468
0338065715
0351095748
0376556981
0331319755
0320687466
0377159521
0375376144
0315770909
0389118493
0366532356
0357095173
0330147664
0328975828
0324922738
0337950869
0304422961
0347744144
0334141455
0390393113
0344602017
0340414885
0327141202
0395128387
0304695275
0384159959
0335300736
0383577451
0389546622
0304271416
0352220813
0362004646
0352652561
0359980961
0313607361
0327762474
0315818100
0359740292
0328062321
0357720700
0372022279
0392888405
0383542771
0393601978
0300966134
0397906965
0353374148
0350898730
0373877017
0334650829
0342356409
0353191184
0327664128
0361493820
0301601667
0371822136
0385861906
0352810876
0302385035
0362172623
0346794802
0396579660
0356004266
0331096899
0383464932
0323048453
0371951931
0321818926
0360635520
0383438626
0360055822
0346794579
0337910682
0397345942
0346091381
0376610631
0321422444
0369877725
0345237115
0362466894
0352115384
0373809678
0354054702
0334780233
0339668757
0390890317
0397843075
0311282090
0366597070
0318656415
0302139403
0354486210
0367609887
0325913563
0334123193
0313571334
0378733808
0385837207
0304853109
0305962209
0301162910
0307619885
0399923876
0313442083
0387342584
0395678648
0356708403
0321045274
0361770402
0336885999
0312456750
0339428527
0349383453
0341046181
0352637421
0314852789
0317349391
0394675081
0375543350
0336857289
0345141222
0344974153
0374169469
0384534506
0365796523
0325902200
0396195035
0309232516
0322845082
0373710815
0315608114
0340462289
0382504671
0350657424
0310462618
0337931970
0339479064
0347217050
0341051591
0316817702
0361540785
0346921820
0362345007
0318634360
0352205256
0315571128
0354146899
0355671058
0388862376
0325992518
0370055954
0358795841
0338401974
0370253698
0307110970
0370408135
0373084276
0357911874
0348575195
0353809572
0383789202
0398891259
0321048925
0333748589
0339461006
0361396522
0353558288
0371497177
0316240063
0397305926
0379495042
0372429711
0369549242
0308536809
0396882458
0326772752
0304467190
0381715545
0305329257
0324481757
0305231233
0359556233
0313815741
0371780257
0349302596
0325138885
0305212288
0338185736
0382912224
0385582561
0309466098
0340240352
0344829412
0393131900
0319517347
0366643477
0375337172
0357829793
0338627189
0378161250
0303546450
0378440614
0342700620
0347775733
0335510157
0329546596
0361852547
0315355125
0367572819
0388651866
0344664126
0306343976
0346245685
0328888362
0336567559
0330706025
0328313307
0341728095
0325160083
0393856394
0336301427
0303067157
0341950625
0306609336
0368433664
0380466307
0352502398
0385133287
0356717464
0319718805
0312555899
0392828502
0348576255
0358303689
0317828477
0315218535
0339303891
0315671353
0376633206
0382159728
0303097368
0315576029
0378504700
0326264714
0349262690
0365359383
0310541312
0396002459
0338302568
0327200826
0316424577
0324854493
0332646203
0315106577
0387701470
0380647972
0325161509
0327400617
0357376301
0336892736
0359281594
0388516256
0330114350
0386191909
0362757534
0337088784
0329812657
0302899347
0399681892
0333457372
0364190911
0394696699
0300934109
0316049781
0358728285
0305233452
0366837278
0380531256
0316428671
0352423953
0342929247
0388520525
0350871696
0334317206
0387076073
0362900714
0396127812
0367519394
0353801770
0374930891
0305160521
0304128306
0330568326
0313699428
0351806089
0393139671
0382188088
0335597361
0344364514
0308963094
0354170547
0310192652
0395718410
0345220307
0382969414
0322328995
0313801670
0397305846
0335144486
0360333297
0305688080
0373600360
0317521501
0320880200
0348079496
0376017819
0305745744
0343715747
0346704841
0364748002
0313727935
0364728595
0391381616
0302236006
0310625676
0331068920
0300042115
0337114174
0354845165
0313601965
0388886553
0351305249
0373749735
0304257090
0340210701
0378235755
0315598513
0332028640
0366317514
0338327345
0373404676
0346488285
0378898008
0387259755
0339716929
0303004605
0345618528
0326282532
0373568148
0337425330
0369011372
0387157434
0331062985
0351662148
0325795445
0308671691
0385300506
0309274288
0396031364
0307294695
0399791493
0350563272
0350379362
0337834008
0373108651
0332061763
0337538102
0338290759
0307974087
0382958450
0341116800
0341564966
0374216808
0354787661
0392271033
0363483383
0351709117
0370903541
0364492610
0355259482
0384565224
0335632088
0377880247
0345772538
0359154904
0363406228
0359869582
0392744488
0355250087
0310788278
0384917251
0368229947
0354739684
0354413564
0373706478
0354450536
0372048118
0308458228
0322671220
0327317606
0352360499
0329000152
0355045612
0315056558
0320018315
0323318112
0334099183
0385115334
0357955088
0367621251
0383673794
0378732395
0390542731
0355298854
0339107127
0345263720
0305491169
0369246319
0353079088
0394999739
0374562159
0320541696
0376936104
0358570354
0348128898
0330059699
0384399685
0365184364
0363408230
0370212265
0349498491
0399493453
0331809561
0329014707
0392736263
0393849061
0340613893
0367837459
0302597482
0370148223
0392947404
0334760473
0316817479
0393052741
0310829940
0338807234
0300942726
0337722888
0303479675
0397884605
0313657761
0372229481
0329693425
0386578079
0395473327
0373722151
0321232148
0361485150
0364292232
0328044329
0385013984
0385361736
0371267705
0336996313
0310546391
0355828859
0388711083
0364210445
0301470532
0315620326
0363018783
0301949949
0313520545
0394939057
0386279298
0360309846
0336315577
0353784688
0373738601
0399475113
0383717465
0385250051
0397731460
0358633059
0399393716
0377281461
0373539021
0384093667
0349404629
0355815421
0357079224
0329209031
0382826593
0367302508
0305108343
0341672353
0360487627
0324511408
0307055009
0397528807
0361683990
0336341014
0341025610
0331625756
0306849558
0369182493
0302123295
0374296459
0394505909
0323059131
0354276573
0380233532
0382895379
0321138088
0363976881
0327228820
0383936279
0304312996
0344417318
0355011311
0333760651
0377346016
0357162946
0320592939
0319318842
0381326122
0358495283
0356167843
0332398994
0375872532
0396538115
0323425966
0345693868
0371340197
0319203512
0383745552
0305462785
0335402296
0355617516
0391317423
0352042314
0380890438
0348025369
0385131286
0396587405
0347676365
0318293209
0366073974
0385662274
0326438385
0354894508
0315139248
0327582425
0301716312
0359897460
0382598980
0370518899
0364986050
0312125827
0375819856
0377624305
0304491360
0379016046
0396080494
0325918459
0376024835
0395369750
0397615939
0339508898
0352591844
0346109542
0366732371
0313245768
0302386816
0354119445
0331890114
0390362021
0325360990
0309784172
0311376731
0358114875
0377063446
0354406192
0303305066
0308430419
0372354828
0356841773
0319365485
0326066371
0303224534
0363598783
0305709096
0317697938
0371042832
0366718787
0380381723
0354965358
0351138069
0353324362
0358631066
0362736362
0392046638
0330629412
0320478147
0351879716
0308053961
0306217142
0362253395
0370998816
0327900279
0357858556
0361862308
0333413135
0335450654
0385477022
0312696655
0308196206
0365009290
0368359251
0307920930
0397866511
0356221330
0369012474
0393984803
0325529832
0357001098
0303099671
0355905945
0394793062
0303094622
0376737820
0338375801
0370988433
0324744337
0315569258
0390758683
0381083228
0373257073
0381410288
0324243412
0348286545
0305532252
0362187795
0332918250
0338065319
0352292102
0396693630
0322981746
0327761909
0312719665
0332148610
0349798665
0385831040
0341381432
0339111282
0384636732
0392899075
0330266011
0378031561
0358720087
0349374707
0332243345
0330526265
0340559069
0359712225
0399844880
0361270520
0339624089
0342482707
0387411951
0312656802
0321542053
0351627320
0390386120
0306858331
0355223923
0303298189
0395391372
0371279641
0362967982
0345689657
0336448183
0313630728
0303219364
0336702952
0301423637
0372530921
0335501947
0393073652
0326955704
0325533482
0374711792
0338361396
0332175289
0397741661
0325976169
0382119264
0332894689
0393967277
0336208972
0322623431
0354969007
0380845594
0350534371
0304207840
0310025704
0393629951
0310894252
0336221880
0320996222
0317994717
0381206157
0340344167
0301872183
0387030951
0380104162
0340683645
0337122328
0344205115
0308498733
0399389184
0352061728
0321980508
0322262256
0362184070
0357190977
0358628210
0368297238
0351733365
0395146093
0372200713
0307273520
0320063216
0381131665
0357748423
0350984761
0340027148
0384251398
0377436211
0379167977
0365598697
0331167656
0308899012
0340980446
0396131728
0365630625
0350975231
0361362665
0362244978
0303169714
0394990933
0334571389
0347437534
0330807243
0397069908
0366430881
0316136380
0311834633
0328925062
0325231808
0376390192
0345907503
0327899341
0304186040
0379058971
0350778029
0362962246
0316087833
0325183165
0336549187
0387048756
0336722354
0341188134
0344540139
0338235993
0377119756
0374439958
0304276964
0365897888
0310171226
0378254823
0313007827
0369865162
0300653354
0377922447
0302262997
0362043311
0379279932
0391786265
0385596210
0336351271
0358935480
0327209869
0394441276
0338479573
0309689560
0353833647
0314372631
0350767207
0304848756
0327605339
0303236092
0358054421
0390595925
0325103763
0321837617
0313790123
0396951892
0347538645
0368058383
0332478437
0313784435
0330762625
0343780743
0302313350
0362633301
0383471908
0319348596
0310022940
0349292660
0342449955
0332773536
0322199805
0390639478
0342441446
0371408466
0353041011
0337368846
0350653494
0344713830
0383107426
0391244401
0396565283
0359615297
0332995888
0352235890
0332252133
0369449139
0363646321
0336676508
0349933522
0366853290
0363865345
0318120146
0338541429
0336700504
0359786619
0372612098
0372735136
0393523795
0357296952
0304585021
0354257354
0317090416
0388075218
0337903204
0307796066
0363498863
0304181961
0330304313
0377537334
0370391493
0393854738
0384760115
0366680248
0355086516
0339200668
0344399962
0380255693
0336891900
0320136536
0386823145
0395925112
0313506278
0340003546
0387723743
0305034879
0353383956
0395128143
0371621410
0362162816
0362937621
0326141198
0373115610
0361759681
0396274219
0330650044
0357579653
0356376993
0334771810
0356535667
0369282271
0390703731
0377076126
0357931803
0328973391
0393037902
0370744539
0387321883
0343953715
0388813033
0392864781
0385163630
0317763740
0372211021
0325962406
0311275750
0389913845
0394324296
0312107930
0331312856
0369003630
0314639634
0367690424
0376300051
0330493236
0347736075
0337681081
0324395133
0389458010
0325850658
0339156904
0375701256
0314155617
0333366336
0319653410
0354533388
0361063563
0305404245
0359098168
0385875810
0398074919
0360400871
0319615907
0320029892
0372718313
0340850911
0338405931
0357671763
0379798928
0309179110
0357561025
0337224440
0305501064
0373186127
0322361110
0393197108
0302990366
0338343237
0303054267
0300431860
0348302020
0351582047
0349433473
0326567171
0378947411
0311110752
0359158647
0371573288
0370536093
0388726789
0345428519
0308109733
0330314360
0380339517
0343717701
0303370735
0312433493
0319167927
0340173686
0323029109
0355543317
0313274643
0389970051
0362172705
0341820248
0399406914
0358282495
0325052806
0307440069
0340660014
0366285152
0312679024
0338255296
0347045677
0397531054
0315339948
0375658837
0365597745
0352001358
0367695956
0323472555
0335626189
0392279486
0354131574
0349178474
0313162878
0376304026
0388993681
0387044457
0335641449
0330285858
0395943630
0355304216
0392015323
0318150979
0332834768
0323554134
0371374612
0354446931
0395094740
0363428165
0324085070
0315465058
0386638734
0311931866
0365780462
0302030503
0395403322
0387170539
0308325059
0345721894
0378204395
0306362426
0324130887
0349201005
0313127582
0352956144
0362091208
0364546239
0396087656
0342141659
0343890663
0331546694
0377846930
0364089148
0309699177
0300524004
0377760092
0386848570
0340425861
0331634443
0323739573
0351761420
0375460710
0318830342
0314269411
0332382418
0385020013
0360091737
0345384344
0380401700
0314877262
0307645988
0376598896
0333699756
0341692352
0363556491
0365247491
0319972283
0304544527
0322219531
0336953488
0364404304
0361301660
0334355774
0318802970
0342337039
0399045732
0396700807
0313102435
0361525065
0319471269
0340525442
0331737841
0346460978
0385593683
0379551622
0327598064
0317914736
0383218448
0384124228
0389223841
0396689321
0344768934
0308296574
0399497513
0398193865
0301503530
0394372484
0356156104
0364115979
0339750342
0306067192
0313187604
0390900857
0310637530
0342805939
0373984015
0377222446
0332932398
0349612004
0382893102
0351902842
0304448251
0329463622
0339633665
0307186342
0350935226
0341174620
0359923299
0386133131
0323784456
0380983021
0353145119
0368390497
0317089520
0317879367
0398289627
0369087608
0374078043
0349716861
0337931469
0330710384
0350343781
0329836039
0320770586
0325569357
0333084425
0360101829
0321714742
0340534935
0393829383
0374936121
0368164974
0387618627
0388115060
0302891869
0360704343
0313866466
0303451049
0308764150
0323785132
0329593810
0392867312
0303862913
0301604764
0327084525
0371954270
0337518765
0387567859
0303515810
0315652190
0353239581
0329597648
0339126008
0385284342
0346230313
0388625304
0333977469
0327992080
0356044805
0387483792
0337540791
0351777264
0391814218
0313022603
0341352087
0335911164
0311222143
0342729500
0337632764
0350100168
0367653056
0383249815
0369618356
0345740292
0343234573
0305475693
0399087891
0347322017
0383190520
0389023791
0379070691
0378088880
0380882222
0307067832
0350772269
0312822394
0393203484
0326446145
0398130604
0306534907
0358089456
0360159613
0382946727
0346013279
0312962498
0371851502
0338357559
0318216985
0354184074
0317164090
0304914081
0325735416
0399710078
0304585530
0312837821
0320775702
0390073447
0308901961
0360700048
0351841291
0370849205
0397895597
0374809641
0312964932
0318238192
0383493971
0300775997
0366667917
0311776778
0313896452
0305541774
0389149432
0337753888
0375728724
0382118919
0384486329
0342105457
0326026225
0361887846
0340109680
0316786129
0373064067
0371190744
0347726494
0305031423
0361097922
0345394607
0320412669
0324107205
0377622271
0331982882
0320490717
0305718972
0315799658
0369000069
0361756683
0302400566
0312097221
0306911254
0393886408
0348214669
0358909278
0397889679
0364038323
0363523994
0372676476
0386709250
0305540403
0358555928
0319375777
0325960012
0367564028
0318272121
0307610102
0318267588
0322963104
0373383561
0341989662
0347115015
0324030652
0312251621
0371812293
0326730624
0332045814
0335698429
0315796347
0356967653
0394389513
0355174761
0393136354
0346318298
0365868026
0367903127
0306641729
0378636256
0316195450
0329557471
0359383142
0322025190
0343219461
0309650159
0300347024
0307295049
0351145838
0388240289
0323294413
0300278275
0375723189
0381157872
0339662700
0388610228
0320504591
0360627051
0310591242
0346087099
0366009784
0328593027
0349444756
0399729940
0321293083
0334248888
0367873530
0361078017
0378909198
0391235681
0346169752
0356815477
0322014497
0360725378
0316721030
0385229684
0340866286
0369341074
0368390385
0372463021
0319153160
0309762737
0365644271
0352687242
0384331363
0359317916
0338420371
0385639930
0312230713
0347050910
0361839301
0373908363
0399474477
0316366507
0321143516
0315431636
0377387178
0399721115
0392377275
0351686488
0301646616
0320485177
0389914331
0370589938
0366493259
0363876197
0363766538
0377854864
0344805959
0358355049
0379386430
0316917719
0347001158
0309551401
0364979380
0356079472
0391709961
0328382005
0309876236
0368853586
0354940465
0320732759
0307023109
0304178605
0320055920
0338757064
0352818676
0319244628
0326478238
0362939672
0398046320
0369632801
0377823093
0324512153
0348044512
0367122821
0309580850
0382366195
0351945132
0321823234
0371071423
0376098014
0361452410
0348521169
0303459692
0398662887
0352063391
0396666895
0334938873
0324924534
0304280637
0342200121
0333397997
0352255075
0396017847
0339447019
0367196838
0304578652
0395123194
0304780903
0386909063
0308404809
0363561454
0355147813
0349091697
0374316373
0336810876
0392676485
0363983200
0393816083
0334219521
0368663832
0373795084
0313489764
0382864632
0358611019
0368539200
0392718169
0305072048
0325913925
0372960636
0391671696
0398434557
0389976448
0386726844
0352728180
0344963550
0313870043
0346536205
0316059997
0319560078
0388354467
0305818963
0373642286
0393395012
0331404158
0377159728
0369267679
0355129036
0361141248
0329497509
0329657245
0386054576
0320701685
0306140009
0328219059
0353769007
0397663133
0327261083
0354945674
0373404362
0394901218
0397097575
0329467445
0356986967
0324277423
0394239815
0327524742
0385769726
0393779600
0363450227
0374406923
0309980252
0321008840
0399799318
0335447769
0346523578
0311793480
0365219300
0347072515
0321715272
0391189438
0378825596
0384693928
0314297704
0316910138
0382377485
0351800800
0304181292
0360834357
0372747266
0352999889
0302628842
0336800473
0397103958
0307587346
0367572005
0305794852
0331305077
0355392624
0379627468
0344021918
0396937461
0362556258
0391499694
0348023332
0352300409
0358569570
0319338925
0392959864
0379783530
0378496106
0343628026
0372367101
0363319504
0363093006
0374413063
0335465011
0397680981
0363678284
0349140615
0368756914
0378897460
0348403889
0352605304
0334070491
0388755953
0311980517
0372369171
0381935555
0374305127
0320038593
0396308483
0357171896
0308648675
0347539550
0348955481
0322191618
0364127013
0396728300
0374407379
0395188262
0336725003
0311700871
0384094952
0357020491
0315460910
0370003212
0355825295
0365617040
0351008243
0339888455
0374244236
0394356514
0329037666
0354131327
0353583052
0378464835
0393416019
0369036700
0396949653
0353299646
0355778945
0374459643
0326374866
0330421930
0368410347
0359756158
0350142975
0355324378
0335008609
0360576121
0308939436
0380491766
0308661126
0357008612
0399060197
0384107021
0363090638
0339824041
0328316733
0368143028
0349622720
0337548608
0319615404
0345033250
0314048773
0345412216
0345999781
0357348268
0352950164
0343608328
0314212880
0371847236
0363727150
0368338157
0351967403
0371297888
0312723526
0363643782
0366100480
0396855856
0313971668
0321232545
0349734241
0303880620
0305566351
0328699131
0363549469
0347300923
0368459237
0330024082
0383066962
0357265266
0382431397
0373545676
0301386424
0326813886
0327750609
0321956706
0394396649
0387687717
0311082517
0388524745
0375463526
0320788296
0321563322
0382316136
0314796306
0323373505
0321079872
0346175641
0384627819
0357426730
0356488416
0307930947
0374764413
0360445205
0337103479
0378928100
