08071561187

09069651988
09021369236
08022435888

08085240253
09065253488
08044077093
08029845814
09053357247



08029111762
09009086869
09045662772
09033727121

09092862825
08017434776
08042350646
08019584788
08077125702
09077390010
08039373734
09072863286
09088797637
08048265448
09050931785
08073234718
08058693112
08089641412
08063319267
09033597165
09064912252
08061544774
09065899127
09073313985
09013399321
08088632871

08073080366
08020914361
09020342389
08005006419
09044662295
08055850727
08073744166
09085175555
08030505093
09018012035
08068076975
08095292645
08098997279
08076875896
09024499696
08085603383
08001498918
08016614136
08057949439
08034754236
08089166231
08076176447
08069498943
08067220451

09003700275
08000765624
09092594463
09034069804
09059053908
09004967041
09094829307
09060949041


09098466778
09058736016
08017319917
09006815085

09060577211
09050802982
08005272457
09047978380

08096389458
09035543058

09081395194
08046842450
09072650298
09062319534
08015959263
09052432358

08077802021
08076216066
08046743541
09066497544
09045268327
08025105662
09015936675
08001281534
09035663463
09027861194
08041354646
09059337016
09091221937
09022187664
09058264440
08002631001
08077261319
08013008244
08034608004
08067357743
09093338170
08000485133
09076460797
09010886382
09043108995

09017548075
09019333778
09095861208
08060403051
08001410607
08058437984
09064675560
09099692631
09063782140
09009190737
09001493851
09097663955
09039855169
09067336031
08078268501
09008836243
08079730238
09006188699
09051694237
08014965761
09082973891
09083197917
09026352630
08089815174
08090423800
08012674334
08059761748
08013525808
08029653590
09007945039
08029088241

09057240504
08029209802
08011296813
09066883751
09027420399
09089434737
08047215907
08033975553
08071711932
09071047950
08044448621

08026366476
09065928261
08099451375
09074151466
09058676363
08020633818
08044020894
08004385167
09044731210
09033230102
09032404543
08086373673
08015407529
09078576223

09049462972
08009146064
09016013462
08036853021
09037107214
09094125925
09029626745

08024063902
09029215905
08005534972
08048881559
09002472658
08064465374
08085439625
08076368614
08088420035
09004481787
08000841473
09089946486
09071674455
08061776136
09059797186
09052544805

08066573287
09013201496
08033690271
08047586139
08040736875
08070175415

09014064240
08013406095
08024042466
08024016814
08075543812
09034144516
09063535069
09041847889
08040225917
08050849926
08028681401
09034730257
08069358442
08079262745
08058340669
08008394837


08044616412
09097861229
08085826678
08005786493

09024619133
09038024381
08009567091

09091986261
08091345591
09020989676
08077978781
08090291944
08017528501
08050743622
08095294076
08020637553


08011713384
08068738651
09019567093
08099598940
08053341543
09095754429
08019843573
09056493467
08018665505
09005500301
08091768844

09024027597
09054596567
08009357985
08052272902
09041585293
09021606667
09068209082
09056073935
08048939921
09068836161
09013265795

09091572848
08066860877
09001380679
09050484971
08061049869

09005878146
09010435240
09054396212
08040632905

09019807069
09054763322
08015190701
09089957049
08064342146
08036784285
09009718606
09099676610
08006167537
09080489751
08029155559
08032372058
08023232628
09091879611
08051685353
09078665251
09078350583

09041011201
09081534038
08003073533

08072215243
09045300008
09017219870
08034679405
09039495256
09034096620
09052454350
08096414975
08036562812
09012560960

09076228554
09053822963
09044944427
09042289300
09033056948
08042255648
09053213115
08031963583
09026127101
09076987253
09022869061
09055832287

09066311249
08025034361
09007424917
08012858599

09030147056
09047759521
08030119446
09046646382
09051411157
09028567119
08016151749


08028851618
09048493992
08021917949
08090154322
09064189380
09098069607
08080794073
08062080814
09038471964
09057704542
09081086625
09051683708
09079398533
08006085558
08002124258
08057801490
08048815321

08060061495
09004135921
09014199879

08020471899
09049273491
09088925652
08083337635
09080333739
09090152169
09089319307
08061328100
08056028818
08016193319

08091324709





09037221870
09061830742
09051291016
08091392984
08037742207
08018891024
09062674105
09052394168
08096870871
08018818965
08091990457

08034973543
08035580532
08066232581
09025674525
09019392044
09024891359
09064015280
09096849761
09047528169

08060635642

08028616730
08047999473

08086845601

09034926709
09022368182
08082785249
08096371611
09008863616
08075993446
08000503105

08014121249
08001842989
08018509303
09043857038
09053375594
09055492496
09012644096
09043235273
08008969418
08035440641
09074511630
09035622102
09082939688
08007069716

08094204772
09061749837
09073868959
08031629909
09007207047
08018185076
08045909859
08089069994
09091180637
09010182241
08070090856
08018892364
09051642581
08051000104
08046296512
08087451677
09036360880
09058425630
09054736301
09064653163
09045421885
09084937946
08076220402
08026930144
09009560825
08006004471
08058569425
09069818413
08087528699
08083382525

09007356651
08008004462
09072343753
09095648310
09004837784

08003457007

08011063332

09016036951
08012842165
08033709030
09042854305
08011315959
09077555262
09004093227
08069383104
09067533425
09032031845
08097348863
08030819075
08049675487
08007968933
09094518035
08098144540
08001492992
08013740975
08096341114
08073583633
08023787665
08026650141
09072133299

08034112990
08088275807
09089420586
08095112901
09028427700
09043224366
09006983062
08024552563
08091229978
09014509875
09073433731
08012695575
08037168043
09004010891
08086838437
09045522460
08036739427
08016741467
08038907656


09018679558
09043664270
08056312892
08061297138

08042239292
08031446154


08039482606
08033146779
09052740277
08044426257

08057109966
08001774708
08069473068

09077386055
09052223522
08000305096
08006381643
09065245300
09006539279
09010857393
09021073296
09020216546
08026052405
09003900349
09048381221

09010049938
09043194059
09085820384
08075332236

08068955375
08038819791
09068905196
08011635010

08094828875

08065763917
09013773273
08008340239
08071716543
09026470526
08053472863
09051868257
09085220911
08093634839
09037393616
09057898814
09026646128
08067165634
09047314613
09048576684
09012284359
09007931635
08005962237
09085677118
09061925314
09027535930
08015703142
08007542200
09024237109
08040410071
09005028724
08065830460
08019402981
08055494155
09075899978
08001988713

08001084585
09058731497
09024575025
08031204777
09090007022



09083730344

09052527787
09064814449


08076996373
09025208958
08071983570
08063493039

09035652308


08020402625
09064624790
08080395083
08024189280
09070573401
09010501037

09066908412


08032795377

09007747007
09032990044
09009852728

08046447978
09050079996
09010531919
08007522891

09099514197
08079827004
08001729059
08061272416
09089389285
09028004142

09090506878
08074539577
09049989584
08079395103
08020789133
09006242340
08055239231

08084190516
09046661282
09013754719
08037663925
08034406207
08030422711
08045032566
09069230150
08094174393
09006254486
09030228311
08073576878
08001067845
08038349602
09000819947
08094972282
08087394199

09019886354
08088303416
09007530843
09046088019
08022803193

08069610280

09031139792
09083645920


08075215834
08021736589
09000342330
08095888883
08063957695

09063197840
08024345295
08092621570
09024008330

08056013512

08008474455
09060180759
08015370805
09065661548
08012985401
09014206770
09029402043
09073538174
09020061882
09064323394
08039037652
08001431438
08019856689
08014516506
09081340502
08061159477



09043774203
09044612587

09046818682
09099376508
08046404350
09006609868
09095532893
08062598544
08061611824
08051267095
09058481873
08056869128
08065967517
08070169916
09071802568
08008007610
08053409199
09009227508
09065795273
09099692334
08078988645

08029782765
09073720001
08035783628
08068270617
09044025305

08087441242

09096527375
08013880702
08029440320
08026124837
08003216234
09034592395
09069597340

08085040776
09015824105
09089696498


08082738539
09007051764

08030039168
08015722171

08058168159
08011203468
09067460855
08077055949
09014659223

09065939009
09054819593
09002777185

08017924284



09036995383
09009833922
08069848870
09020313171
09021623840
09047904015
08068942293
09025499734
09086225343
08095233820
08017962976
09047626444
09083765135
08075309491
08088463253
09099252224
09061823498
08092324170

09055847325
08066652096
09076715739
08024527747

09027030756
09093265533
09092713055
08029248014
08097618104
08044034319
08006539023

09090139885
09078287383
09024793421
09066652634
09076174023
08004155718
08020875339
09018930653
09049353365
08068438099
09000011229
09088177222
08077435326
09067015975
08050335704
09018508765
08022445684

08076943494
09053513990
08022517508

08076648317
09076408425
09059227678

09019445500

09040001482
08010317684

08085735357
09050434526

08019051165
09021809607
08082620163
08004150159
09028915515

09070281663
09060245507
09057151131
09070058237
08082375618
08052307394
09037989023
08030771575
08072201693
09098731904
09054263370
09084698610
09044219308
08016725470
09088387064
08019068364
08009109408
08014723824

08087704106
09078878035

08025992098
09060668617
09070753728
08011228722
09032628703
09065363708
09003860942
09016273657
08057240081
08001172921
09041324171
09021553904
08081916708
08090263838
09083730554

09014548404
08039787652
08094462986

08075014997

09001575961
09021381139
09092999633
09017326988
09077116955
08099587745
09024771150
09069614072
08025151567

09093242675
09057473643
09018196192
08071022884
08074628505
09065254733
08052727813
08034940882

08080492739
09032156106
08087972177
08047796968
08096694189
08053587140
08034178855
08089692055
09032317480
09032811517
08070318684
08059975170
09066213020
09074297938
09070217301
09042742817
08077433827
09071264155
08004284274
09062547383
09056705689
08048142169

08085275094
09099441177
09055694989
09049810110
08091047802
09006869259


09060379086
08089583705
09010279238
09072600284
08055412520
08089919254
09074300731
09072635288
09091039967
08006446531
08078255472
08011705424
09067922870
09037129748

09031993328
09000872622
09003731784
08075209778
09002350678
08059822699
09001876419
09054078787
08094779358

09068303198
09017452736


09010397993

09026272679
09001413008
09032688535

09003377218
08014794280
08004649082
08040428358
08098503981

08004601476
09095026062
08099321930
09083582705
09012131057
08094198986

08013102930
09041856623

08042143179
09097924844
09086681201
09084398733
09031684839
09000484828
08016294048
08064076010
09011825639
09007768848
09046616158
09055712991
08003970669

09080393094
08030407162
08079545522
09080179446
08015218073
08078500430

09027627547
09070456562
08082053704
09036027754
09082176144
08011746343
08011050353
08011639796
08095978625
09014698138

08020814050
08070244434
09033187184
08079321458
08029402562
09078436504
08017539498
09053657681
08027578026

09028893068
08016064916
09096719940
08039684948
08064376369

09092431899
09078167236

09093942316
09054172315
08078488857
08030934753

08066702265
09075348498
09050621565
08041545816
09043947039
09067713769

08095071810

08036296773
09077872292
09081480004
09007207303
08049836722
08055389693
09056672235
08007211245
08068636469
08068183806
09079744455
08062567978
08061932253
09072092135
08097518634


08031643289
08027223827
08010518492

09010637652

08025083156

08046421775
09049781171

08016142049
08098536372
08066772048
09015502845
08075118740
08005573121
09016008019
08020643813

08075042965
09061558605
09016624002
09092989729

09033035166

09033039315
09052777010
08083855521
09044638545
09081483432
09082569358
09065165623

08083777557
08071702175
09029589401
08076250192
09031670885
09089056058
09014725007
08017454255
09012203553
09013076918

09045024980
09036283426
08040385772
08036122839
08066406486
08068483935

08056890350
09077455319
09079977848
09028646006
08042933197
09070204706
09070380839
09078431785
08060219176
08093299186
09014842079
08094676554
09038928850
09099882423

09010824373
09031375743
08077005342
08026140492
08023498661
09087845813
08084853083
09076564369
08083109120
08075980663
09003520441
08073722007
09062416815
08037926757
09052036819
09075790909
09044694976
08072437115
09073889912
09058730334
08014959582
08093719321
09081802951
09059674084
09053415083
09058784194
08043283088
08020930517
09065013100
08070615509

08069727173

09047214538
08038613034

08047516436
08050846153
08039943977

08096104651

08090142670
08045449021
09013339461



09004959177
08093246951
09008732135
08054260143
08005589156
09090354507

09076453062
09089556080

09022539588
09055747492
08050096409
08070173930
09047466873
08098921275
09006863477
09072783575

09001341892
08097101704
08010539999
09012526979
09023197262
09082059449

09049790793
08084046602
09042131386

08023469794
09046925495
09099781952

09019382205
09083058015
08016065444
09028532827
08094079245
08021887469
09020975160
09059437872
09012963700
09042244078
08032936380
09024577775
09015698031
09061612044
08012896688
08019644271
09087815612
09024849407
09085709227

08081724083
08096947759
08094687100
08029560512
08076354637
09045318005
09033117233

08076238192
08017555332
09004538407
09087732788
09085217247
08029247163
09024590523


09054330095
08061164320
09078809605
08076998905
09030950258
09001298824
08020956102
09082115459
08046388032
09075164394
09091283984
09063922581
08068627369
09073091087

09069603961
08020923448
09017230504
08079272812
08049684215
08077027910
09068357394
09068854202
08084428225
09064791068
08074429233
09005783414
08057192175
09049453518
09068995725
08043085338
09017687642
08080847549
09027815394

09059406689
08062709897
09064852455
09080995364

08016150152
08008944216
09020785480
08042919004
08067988195
09096198187
08051764658
09030294150
08087837475
09054496524
09000984337
09058559575

08026551247
08005432770
09004732279
09087801365
08078410725

08070547413

08092090308
09061814268
09090210697
09037339328
08010750567
09033456645

08067827317
09010076385

08061027674
09057534727
09046919442
08051377447

08077944538
09063254638
09030897910
09078895168

08009282265
08054067253

08014190500
08050205715
08005779133
08059176610



08057289104
09000922310
09032254203
08052323884
09039643625
09069816205
09059459926
09039363576

09088398319
08055838731
08023628681
09062072342
08055518429
09058302140
09049580375
09045841802
08002282309
08057635431
09081233294
08049168987
08076879477
08038271652

09090023974
09043439456

09070912381
08013300236



08097934087
09068987476
08082158873
09032713712
09026026631
09054305320
09079782879
08033474974
08094573374
09001031214
09084613162
08039042654
09004992794
09038544600
09070778417

08042024202
09087905917
09054403786
08002801100

09026946973
09099482795
08088215054

08058344513
09065592558
09083137288
09001825089
08074246525

08066838347
08012158120

09003789901
08008732693

09066193692
09015613163
08032972280
08011101558

09007539110
08089170171
08067967341
08081676662
09001707008
09074856145
09098280117
09015853712
09044058915
09059957894
09063043569
08024033923
09003896813
08024650061
08010740606

09039677704

09011663724
08082417802
09030609861
09090750232

09010544213
08058011173
09097166321
08092657706
09044603877
09083970339
09016259382
08069160338
09076004712
08083007369
09001298236
09065047402
09083957634
08000482689
09098281435
08067907167
08089823535
09030508729
08095067490
08092409085
09091463740
08034563536
08005202466
08076594103
09096798240
09026390493
09050948568
08064321218
08042816919
09077993490

09071711758
08016945891
09094175967
09066933519

09027882296
08047815323
09077392754
09060894077
08023400996
08054372162
09060104391
08041252726

08039452617
09022360179
08043822372
08044784033

08010259034
08045892343
09056564195
09047946947
09041372912
08027237633
08041770342
09086772811
09015195989
08077913917

09008894463
09039832773
09066363846
08074569405
08072748623

08005514790
08044788356

08091871970
08061955829
09070794875
09001735391
09021349694
09025090071
08019059210
08060984187

09017327509
08062916573
08044929354
09013283161
09039619892
09003036103
08027251319
08066080724

08049756736
09094232124

09071322409
09059109386
08000805274

09090876039

09031748102
08087105866
09065335008
09076528469
08039545988

08034744804
08091079613
09003343334
09064183052
08023853263
08099427187
09039427050

08064822120
09027426729

09039347411
09048327575
09002952988
08016179792
08070349176
08070632775
08041200404
09097181522
09015250087
08022294136
09055651011
08087586109
08057573522

08008089350
09073631680
08083547017

08084108506
09017686252
08023131577
09005628382


09062370242
09015121432

08067621998
08062616158
09093166018

09025454741
08074121027
09041592705
08071331902
08052733313
08015633191
09010839979
09037221574
08015858005
08000564772
09052070293
08050651035
09012283616

09083849761


08090558805
08019264718
09026111965
08051155863
08012282742
09069683085
09003867944
08027279099
09037528892
09094655572
09080126258

08037756053
09033766402
08098888314
08020191040
09069658396
08041726472
08093111779
09005417158
08003070810
08059772007
09045698424
09060338963
09058856350
09019809563
09083023333
08064608544
08043782608

09031434218
08008458741
08045116604

09095943017
09023795100

09055448451
09046797077
08063409783
09001116661
08094048680
08032831051
08010643722
08033345848
08027741374
08014781242

09052465671


08075853944

08075694416
09048212393
09035290330
08045519876
08026946319
08073837519
09064962866

09094622596

09064008572


09049246962
08009387763
08042352232

08065422993
08089542246
08045324292
08004368857
09090522713
08042539312

09034253690
09078808681
08055460304
09009323051
08051164780
09084959525

08086668114

09071638895
09005290733
09066890129
09069996639
09080278963

09031620656
08092612068
09093060608
08015250603
08051779723
09028768679
09009927490
09017395434
09017341837
09098608758
08058996573
09022523649
08069499241
09022043054
08085485009
09047912292

08094948998
09057292160

09002153593
08044341962
08008552351

08080105857
08078494732
08045505898

09096143244
08069779112
09097746933
08099847782
08098937054
09070266629

08010270188
08053227903
09066633255
09044995308
08061228438

09005951355
08019310573
09000652046
08059666111
09073039327
08062542034
09005262599
09003543375
08047110443
09042055783
08095147125
09009575165
09060445328
08091473322
09004768861
09099197984
09024476042
08099841613
08001597878
09045356856


08010722643
08080745109
08041856876
08043940938
09061138035
09025204877
09074515638
08065355764
08078982570

09074061095
08046436041
08057812548
08095318955
09089112205

08017220858
08055407275
08043755501
09014603443
08027114759
09058243501
08009969081
09010916640
09076356313
09036666629
08047523811

08012298934
09077438804
09047053485
08093985674
08063608233
08087762811
09044394567
08058424180

09081132803
09055255369
09040984198
08067719369
08005934311
09018244633
09009116438
09008969302

08009038812

09054087372
09030905170
08068161969
08031426857
09084328146
08060715084
08061403275
08053314055
08009373824
09077291353
09092974602
09027746093
08043835056
08088341418

08042548404
09039935093
09098420209
09068400888

08078442140
09088985085

08047152412
09091742313
08059190770
08071898740

09014195393
08079977547
08048264513
09020544148
09069070232

08089262058
08086923739
09050475186
08044205516
08037388974
08088650504
09096341552
08071833204
08065574468
08039288846
08027034262
09022909199

08001912021
09016643582
09093399974
09029584650
09094828780
08003166494

09023901582
09024602834
08054374393
09077558455

09026573229

08052422176
08029339865
08036949716
08015021039
09056138039
08073041359
09024513579
09046119038
08077645898
09087480578
09020075309
08009429195
09010202491
08092489706
08007606483
08086788390
08033475005

09005524748

09041856712
09097542867
09090438553
09057883306
08079257629
09081761927
08056653251
08087317417
08021515125
09041455123
09018922291
09035251712
08098443948

08034407143
08061656712
08027368358
08051555444
09037900710

09075768725
09081435989
08043329383
09071692232
09015041844
09026450642
08077436417
08013118840
08011744802

09064783094
08067095492
09034120814
09096893291
08038290235
08009018278
08024581051
08057006381
08060212438
09030504785
09042887730
09047426516
09045081414
08008802679
08010369098
08051094683
08019381575
08031602947
08092376754
09024811735
08030052152
08014080384
09063318087
09057297513
09015372455
08037494693
09043124721

09044554028
09015220085
09061345418
09039263580
08065725425

08099314538

08059020417
09031525515
09026868020
09015045809
09010474601
08093793242
09030670979
08059430529
08078562669
09000092973
09084861427
08011485663
08000105629
09077090128
08004104388
09065334274

08089222589
09071062739


08044265273

09034971497
09074344671
08078447445
08090163510
09020241140
08096229672
08077376088


08024906200
08022673653
09014002426
08084054093
08030923260
08075150587
09047120660
09056996564
08025994235
08037822149
09076215313
08067901319
08087597725
09080519672
09093873810
08006311289
08051392282
08077498848
09053579840
09003268505
09063102538
09076853590
08039984792
08012186692

09065379600
08081190115
08074430147
08093544156

09004383303
08099617602
09095487691
08068089029
09074658843
08009177988
09010723847
08051087031
09009076031

09021304574
08002199734
08011014622
09073942583
09030088163
08029397431
09072097311

09000045490


09017520932
09099039953

09082829671
08024841875
09012293826
09082765610
08053434099
09019631899

09023674671
08082463264
09026338777
08046353019
08045062894
08033247131
09085220758
09053115237

09087775572

08071756510
08024892788
08055472188
08026614303
09055024994
08058903789
09089969246
09066974728
08012641570

09041109634
08031570124
08045647878
08036392410
08058661702
09046009558
09067383236
08003919476
09096555283
09058074023
08066304914
09029727709
09074282915
09027514894
08090658852
08001531736

09010325051
08032450288
08076629083
08033499356




09018095680
08089162524
08000465693
09087036863
08017057995
09023876396
09071856058

08074283341
08094235479
09080859343
09022701603
09005579172
09072687276

09016260894
09059702104
09070993768
08052741772
08060735868
08051815349
08091265502
09090268354
08089137783
09072666172
08054693953
09047694908
09024126186
09058078225
09066992461
09064366693
08010609217
09018806618
09096867143
09091411161
08000258555
09008624646
09021591751
08013398435
08056610778
09096372753
08041165345
08017383895
09096031002
09021478829
09078399072
09095084795
09003254640

09013070474
09043661982
08032926986

09095442752
08043710802
09083404383
08006752403
08004445174
09025810078
08054698511




08045301620
08097060551
08072668488
09029114963
09086116990
08006923088
08097709252


09082148856
09032546280
08048039953
08047276679
09062726377
09014198166
09034373569
08073950792
08020748816
09048097447
08047948481
09048630404
08055646498
09091417501
09026633592
09075629305
09079132245
09007744276
09001763610
09002756970

09028897652


09083209949
08053495982
09031899692
08082202483
09071450411

08045642987
08016480019
09022609418
08016101726
08070196355

08016226806
08085843129
08096935292
08082713053
08052688430
09016337954
08097731825
09039678017

08060468533
09003536539

08052400008
09097205406
08005555102
09020625511

08055321405
09003111207
08039935341
09054521214

08009656975

08066620231
09079249527
08053134708
08024243483

08027853521
08058005248
09017095605
09057866746
08099918221
09079703488
09029621559
08020784701
08021657327
09060268445

09075316188
09070271671
09019095287
09017590526
08067345424
08054338433
08061977958
08012049889
08022539105
08062295633


09045174602
09036509785
08011161783
09056448158
08099864095
08010544895
09036144718
09092317058
08058342854

09064193844
08068076815
08085934757
08059899320
08068142700
09089115948
08076966220
08042426050
09010472316
08022796183
09049510555
08076849581
09093479742
08001698318
08000756892
08048570473
08060099120
09064849651
09011379292


09073818201
09020814986

08026126631
09031085717
09044130401
08044921637
08045909944
08034577502
08022470329
08000611772
09026704843
09002377395
09043190863
09049163424
08040283720
08045626972
09014463295
09039415015
09039307513
09038407067
09092572947
09077128951
09008406699
09081637077
09032054467
08036854781
09088874485
08067625792
09064005923
08085642199
09047185511
09078842488
09054932526
09006757215
08017153362
08005085993
09097198222
09098416031
08012437664
09085424589
08077574614
08081108501
09036428073
08001005196
08011725013
08083998412
08052048954
09018038017
09042176689
09009279262
09002206548
08028565234
08031197248
09062476317
08004291145
08053764820

09040072989
09056060938
09020553108
08052583848
08006933246
09030597538

08033906317
08085259477
08098454725

09003375488
09003480747
09031294092
08080446176
08083779706
08058040889


09074709389
08056769297
09027507031
08056510754
08079209842
09058203399

08096031293


08030742424
08052784250
08066502833
09040178276
09071060491
08037989105
08048972607

09068211562
09066051548
09082405264
09091065885
08004590975
09090072859
08066995615
09032776049
08001690414
08061229952
09099699139
08068471314
09001669551
09060912795
08060597691
08032738084
08024547660
08094755377
08056734272
08016239970
08059896239




08046136091
09093633023
08094340236
09001714033
09087871560
08049836439
08020041198
09020636850
09057993375
09051632582
08036043637
08050786275
08094742916
08086234990
09009721102
08062786345
08001214436
09061254082

08015060394
08051803387
08034587754
08092707522
09046990313
08070475102
08076410335
08048646822
08015012509
08072593332
09003843955
09013312675

08047650768
08079083818
08003579772
08048691264
09096011478
09060958226
08038504017
09076272008
08011078717
08036152961
08061768897

08036463615
09041392272
08008482421
08001823222
08066258810
09036974995
08042239801
08072077114
09044459210

08017201791
09057098773

09052622248
09061691455

08023726366
09026703189
09005282388
08015229062
09080413116
08077286606
08012547727
08042166236

08070185311
08098659223

08059329532
09051840465
08048615133
09096610726
08034089523

09027639037
08045282596

09052341962
09082701275
09033551977

09045348737

09070243214
08061842535
08091128050


09088083859
09038014918
08085711291
08002682873
09054942009
08000535301
08058299033
09063760597
09047090331
08089759829
08059433566
09078135699
08069390371

08096763949
09058471643
08030723826
09048109511
09079160532
09071632762
08019286542
09060762723
09029409760
08018375500
08054434367
08046692925
08065358329
08090039916
09045275924
09049423970
09031278902
08074854781
08045799709
09059751878

09025424131
09065659282
08049389412
09077547130
08074703894
08022344201
08055435746
09052927957
09053973945
08031185050


08023975443
09067405303
08037806477
09051116932
08084063541
09044572961
08005590663
08081380987
09044289385
08094459082
08097071527
08033424522
09072763932
09095544787
08026032113
09013551155
08010206013
08055155885
09046798689
08058325884
08073295512
09055187952

09070477500
08020263938

09098281455


08059621352
08043662728
08058156911
09046269880
08036461756
08058620881
09041378756
08072204334
08081006110
09014765595

09023949655
08086237815

08096560980
09027977865

08014732256
09071102139
08010602719
08005040465
09070373734
08030107682
08013251568
08016469456
09039182824
08074899304
09068917037
09040593486
08049138624
09028045439
08045478972
09092832594
08014566587
08009309835
09090838552
08004567029
08016531863
09001063216
09045859506
08059515480
08054647945
09099290639

09016991165
09092689036
08081129787
09068697726
09095213914
09010840269
08017458667
08023577883
09056507591
09056168685
09085553714
08060527261
09030667554
09069181756
09092230526
09044170987
09004724076
09074096557
09049833520

09001430894
09061215353
09044984568
09002608571

09072377233
09094649553
09043700399
09056396782
08095682365
09027389228
08013186028
08052268157
08092097982
08021125525
09069310989
08010349438
09067415253
08081396170
08054482089
09057640631
09068344200
09044275814
09087293824
09002993170
08056572283
09062337255
09037114391

09061942018
08000858092
08059388673
09002920901
09002286127
08072590235

09017104832
09069755643
09083017299
08084589245
09054050394

08060112985
09003663710
09041030792
09003414341
09095091932
09096131315
09056131990
09078363761

08025579898
09034935198
09082631629
08016925428
08072422389
08064319660
09093081442

08007737795
09094944353
09032867363
08084834326
09022386793
09089653570
09051517765

08047583791
08028636147
08017332702
09010743318
09064404728
08071498380
08016821918
08029261015

08083814389
08020860307
09098047169
09023156855
08090672130
09083815089
08013615531
09047457879
09094400299
09026934178
08066356797
09028652638
09094600393
08092858023
08058492920
08017727016
08044799847

09009361980
08066943209
08094363011
08031357876
08040645403
09046162858

09018233052
09055515823

09068392934
09003042815
09086168735
09042048065
08024461014
08015707847
09074750540
09092612536
09093597470
08042320572
09080120322
09026914389
08058177155
09032181618
08016420930
08041451773
08026828510
09054925416
09003625044
08073739092
09085328954
09069783505

08003738483
09065917115

08002981406
09082645924
09080028434
08095468922
09093653480
09061546600
09072638855
09091123372
09093564403

09053881180
09043129536
09074896934
09099996315

09016735784
08016785757

08073770997
09035898134
09051859547
09008032405
09000862270
09037378204

09029709371
09019604132
09069135464
08031116923
08032395173
09067741689
08061838471
08057872568

09058583981


09018900528

08041286009
09068233498
08094430767
09086574458
08082807750


08060109805
09057285388

09072656014
08092124887
08058824166


09075085586
08098160290
08098046201
08029146925
09006862118
08087679603
08040397689
09006488820
08039668440
09033314658


08023554597
09066859410
08075029112
09057193085
09039675041
09008642731
08081920729
08024657966
09056325600
09080407719
09093171766
09075301359
09080365904
08082988077

08077990147
08017897042
09092290866
09033285628

08019315632
08046661906
08062989393
09042456228
08063416685


08045787074
08023817111
09093897529
09053697021
09075896648
09054437650
08032323364

08025870675
08096746701
09034342622
09072275538
09032019875

08084206237
08027308448

08066802971

09066478464
08015190557
08042365708
09064424858

09075774282
08065489909
09098023260

08056128418

08073478097
09012248583

08059653265
09036950352
08089079868
09073498608
09052790301

08073691927
08023765533
09017437380
08011454105
09051581328
08016829703

08096287744
08022452260
09005827159
09049231610
09071908961
09015614924

09013291673
08093496043
08070520080
09061987120
08003213482
08041307624

08000138687
09014151918
08040778916
08057760761

08008310784
08072894786
09080572819
08061150784
08098051267
08017652552
08054955103
08005891287
09091566756
09089212681
09099622044
08099663553
09001774028

09014993488
09042399370
09053250914
09065495805
09008359306
08077162699
09054993789
08028387421
09010362249
08080997693
09094503115
09021754383
09074543717
09072826825

08006687367

09032238908

08057609449
09034201224
09099699460
09052669470
08073968733
09034225415


08092365195
08048390961
08060821336
09008246232
09059835888
08067472138
09050115511
09006242036
08092130996
08008400563
08090077516
09004241929
09012071549

08063085414
08083956094

08003943394
08099426083
09073145078
09095125780


08082573211
09054559150
08044384154

08042162128
09010633015
09089691173
08052458449
08073255656
08064440147
08039902804
08003973099
09057833899
09087081734
09050416843
09026860842
09024954018
08055831874
08015935400
09068117346
09054281816
09084516602
09018860079
09081952876
08053172394
09082451769


09072969564
08062429894
09044187505
08090083425
09036974308
08039924583
09078924504

09045300067
09095871932
09040087454
08068963856
08088542996
09018858972
08015411690
08061084294

08054285225
09048112497
09098825694


09067470738
09018325720
08067501455


08003522750
08035105912
08088365049
08014943079
08023775047
08013787822
08055759220
08020489778
09036936552
09006237888
08026228310
08038265237
08083084838
09065134743
09002145189
09041641339
08072874220
09025309982

08036510291
09003891037
09069389139

08073630667
09095570508
08043559394
08052810741
09008734591
08068307006
09080418174
08025914490
08091174583
08096890967
08043191718
08040797661
09032104862
08018605373
09060040011
09011647709
09028931587
08031680251
09098773908
09010777385
09092155364
09036579309
08036294807

08072257873
08027614658
09082758481
08008979898
09065545312
09018347937
09005936242
08043811216

08001566333
09022350037
08025138691
08087518264
09085089189
08039201607
08008975903
08035101234
08044105464
09047993129
09053482464
08075006312
08072391368
08039235267
09053959660
09064642683
09047852523
09062138602
09066563890
09040075518
08041034105
08047796926
09009266267
08081268320
08070924686
08016411919
08096233856
09088937777
08075947185
08074238312
09094110314

08078686956
08001805272
09000834661
08008454957
08092504199
08098680971
08001060358
09064064214
09094082855
09048345092
08061558774
09099576146
09051186000
09090277023
08053058198
09076945978
09079560498
09046317336
09088109843
09016627004
08000646576
09097166289
08061967966

08074377201
08054828243
09018333271
08063089126
08037906354
08090763169

08050262738
09024698094
08053590983
08091448006


09054791307
08054290690
09008569602
08096541970
08063161451
09076146374
08067374238
09073194876
09042049700
09092722711
08097775259

09091661742
09099369510
08070071509
09012445914
08011551192
09077880412

09056623074
09038171665
08093756072
09055314070
09041501934
09079340528
09015137674
08096837931
08090348774

09076423964
08038116910
08024157919
09006065014
08007855077

08024558526
08045134911
08044722910
08053102322
09064861692
08090291449
08080707587
08016131352
09073820228

08028901346
08092167146
09091562403
08072840064
09011910066
09058956220
09006568791
08000780082
08047675670
08018112734
09077799242
08039403823
08090577050
09077018075
08039578138
09089112114
09080608856
09006111754
09037769293
09006275334
09097823934
09020253102
08094790677
08048691212
08060976382
08014334759
09029416450
08022313853
08035213050
09083568344
09096415958
08044160461
09028507174
09053917341
09064056968
08001010383
09061305854
08005471649
09013021998
09090977419
08059496828
08015577820
09083358272

08080628540
08033634784

09083376411
08010711786
08065499750
08096484820
08050863355

08046140596
08034004875
08096740476
09061615371
08098243027


08058458718

09050844760

09032778466
08091576011
08002341153
09026000532
09034432672
09055506248
09012771478
08031204037
08029246668
08005251063
08010205373
08038822110
08039964541

08053823750
09014527756
08006667831

08016375521

09006065002
09078076147
09059964921
09053272313
08084111991
09022353001

08040047103
08006688606

08071681927
08014154122
08055756177
08031260345
08070827050
08055342131

09045169640

08007909348
08006421898


09035437105
08086219365
09057925803
08021260999
09023572479
08018684568
09065544608
09081966702
09064945905
08097087707
09023286686
08074572161
09059369362
09045351003

09093260383
09059768660
08077195525
09086779033

08059296496
08027699870

09078381657
09009709064
08020217279

09031826863
08041620166
08036538039
09034615811

08086317777
09027013197
08007440349
09094322425


09026660085
08051642367
08023449628
09020084046
08016196687
08045833465
09097406071
08017339726
09039550986
09004683797
09050039989
08099686708
08062352106
08088793022
08010141038
08014374832
08015875124
08098565548
09002063641
09014402315
08051644726
09078882234
09037620901
08027120463
09073624227
09052538135
08008760240
09048515308

08075940433
09083312543
08048324990
08073147280

09058204188

08021318704
09014183512
09034813279
09025299589
09047454870
08052622118
08098837557
09086270800
08074081288
09003461146
08036299868
08031663018
08009068542
09065649366
08046830644

08053030489

08010682309
09086898668
09091894085
09098302472
09076571501
09089705714
08018453254
08054787384

08044338719
08006644586
09038290518
09089442011
09020906532
09051411632
08094036173
08029182949
09034529265
09023431166
08095198723
09040264188
08006236061
09081225701
09038419629

09093344807

08045588689
09018650990
08024949488
09059985340
09082702403
08035597327
09055641438
08073999154
09097853884
08098806574

08076464765
09038306193
09080673439
09078833295

08060433943
08010937993
08004687864
08021031484
08063278097
09068408947

08015238803
08043087188
09073347310
08064248632
08019211780

09073424693
09082097158
09040740787
09010633965
09089865409
09037270961
08033519445
08040763480
08030701801
08095644429
09066265444



09029001582
08056878581
08028695275
08047698426
08036340917
08088882508
08069861406
09011557320
08081227118
08048098536
09061586448
09036594764
08001110199
09076149126
09074297201
08079461231
09092944825
08068939127
09025676679
08052820190
08039863229
09049913599
08093183205
09003610092
09080954438
09007158980
09039758569
09009249895
08033106653
08073862317
09020425680
08077665355

09098552311

08035305747
09065058195


08085618273
08086523491
08050357424
09015761117
09063205753
08009267830
08057206924
09084952048
09034382158

08000176852

08056023600

08076735711
08073890702
09049847681
08064806138
09088321028
09016223367
09061261740
09013406548
09046177007
08046695021
09076212255

09065177240
08065323313

08033503681
09015120524
08027975332
09095526620
08090055507

09085846259
08031429122
09094100317
09055847948
08069891536
08006256008
09076605499
09012668137
09029378215
09048143918

09060035776
09071327058
08088878317
09094299478
09066976378
08032664544
08026503479
09086385659
08067952521
08097929900
08007159755
09068434840
08071852261
09002531694
09044111474

08063977152
08071997002
08032940767
09047740866


09014085905

09021340468
09022606822

09054030325
09082844911
09081583039

08086555976
09023629449
08060589678
09055493439
09001671628
09092403679

08055359894
09032932710
09004585075
09052392342
08037973220
08073316786
08098068141
08051326579
08076700007
08073624837
08042604340

09049054669
09064729470
09066251517
09034264647
08011824966
08097088530

09029146614
08031977886
09036517312
09010674652
09067805351
09070449136
09056461717
08070327827
09054756400
09044979576
09005517959
08066362351
08031217483
08097140295
08057382816
08043475642
08048304177
08029320177
09004850373

09030022895
08024149518
08092338940
08061143842
09008149770
08023385826
08047577087
09055305424
08088841764
09062957783

09035422663

08056702369
09023197193
08004089483
09028317896
09021239830
09089187971

09054089986
09065605692
09009821429
08072501634
08052863526


09031882379
09022084251
08004664588
09034792911
09021923225
08038517912
08051126703

09004439692
09038286441
08034969546
08086850320
09068406510

08004880744

08098038095
08083649566
08006567065
08004888930
09001243066
08083533880
08002800124
08012766589
09003322081
09094143106
08040106921
08038628220
08024537106
09005016604
09074923529
08023228203
08052499570
08011072449
08026763409
09009203419


08046727542
09002145852
09054268394
08057061485
08064287242

09083217153
08005416736
08070406497
09030597833
09090605624
08019494238
08027971826


09013210280
08007227665
09066728770
08012152900
08015955931
09001705708
08087030711

08024709884

09071547441
09008775099
09007248893
08061412617
09084365657
09098585918
09011957817
08042721686
08055369589

08033315277
08038615802
08086989696
09071669144

08023786322

08085413386
09085407506
09015114630
09049041657

09050382815
08051492882
08056070548
08049503674
09017552021

09098857476
08024139506

08071636440

08027968462
09064436995
08075327002
09066164077
09082212762
09090044676
08080251453
09045555353

09076425380
08065042766
08008535125
09026989145
09042216759
09086665070
09013491483
09000683971
08088894080
09052771726
09038804871
09008356581


08049696383
08043399046
09089658088
09024504841
09058567479
08001519551
09010864228

08061228008
08019957473
09026084863
08099848094
09022772543


08060180207

08038998719

09070975459
09033306380
09044838046

08096740960
08072762829
08088472057
08089777090
09004406155
09057902725
08036483201
09069644183

09075077553
08063345188
09047578253

09046911058


09027240048
08074543419
09031307322

09069148503
09076580327
09021389604
09071751944
09097973964

08065380308
08097723617
09037814733

09065445341
09068718649


08099254795
09075464808
09023118935
08086414717
08052696048
09073152205
09024890114
09002331710
09092264274
09096605017
08023796189
08083892803
09099099861
08003151846
09061616920
09013803106
09040287337
08072546836
09099322018
08035202208
08013892072
08017758741
08085710002
09044315795
09028779736
08040983840


08034750772
09016486613
09017766020
08021704312
08034558970
09006816957
09044506921
08097983095
09017664556
09049181871
08045273959
09080543917
08097833680
08056696397

09079367962
08078858387
09045824297
08053013635
08022813799
08091369505
08078276420
09020236785
08071056015
09076089973
09055280412
09052253803
09086435874
08077822741

08006523279
08067222783
09065480589
08005218978

09083286938
08063320407

09047424506
09056507258
08098505216
09005931696

08081228252
08025854889
09079361532
08093439006
08038352000
08076112130
08021897451
08095025813
08030823631
08064767177
08017974426
09055090806
08092362911
08030925895
09003703245
08024569227
09090940473
09061712627
09092780934
09078945163


08012704019
09042521570
09023364823
08021742596
08031582103
09071484524
09002533040
09088491854
08058669270
09005478692
08032889682
08077679980
09017165210
08089774840
08091301749
09042539265

09025856684
09079033644
09008787090
09066965277
09001160128
09004566757
09054279148
09018708816
09092650116

08027193698
08063427505


09098455364
08025127334

09087919620
09017759223
08000653648
09023815733
08054698254

09078628137
09009133274
09070717668

08045944389
09009901447
09040844716
08029417215
09016439507
09049951217
08092361840
09081910938
08015205466
09015407601
08066351957
09037057330
08006122621
09051674216
09057452421
08046600917
09046903655
09079140272
09041269864
09041782076
08080763919
09004567063
09093731641
08040197538
09014032315
08008352797
08078387199
08010576302
08086115969
08030626244
08055127375
09054411450
08005717681
08046037787
09046765875
08049769969
08053436809
09048507863
08098908634
08018857248
08086627307
09087010486

08071728185
09017936421
08003307736
09049580946
08054838495
08036371346
09021335255
09052345259
08013054614
09067705035

08076325948
08056851423
08037836455
08058149521
08086556463
08005412103
08080517376
08007448932
09042508469

09003827783
09034631027
09010888039
08082476044
09044665507
08065582919
09086231060

08083614554
08009698673
08004834769
08011782057
08015954331
09013947845

09084477424
09059406011
08049074905
09025812974
08042616463
08079953345
09075002981
09016711378
08097915115


09030281312
09030174695

09011146521
09081664934
09072470213
08099789230
09023356458
09055007481
09003196619
09038803342
09001844513


08097455877
09001416676
08019068296
08007207814
08092619080
09092480477


08013144906
08063757943
09017675282
08086563134
08023978216
09056409278
08004988944
09039146156
09059182894
09089251211
08049184271
09060469300
09050301086

09030872797
08020422283
09067103153
09077284325
08049137715
08051601463
09009893831
09044475596
08011718623

09052670563
09053356088
09078419524
09030360762
09036756978
08063555452
08036568742
09033297835
09076066152
08013346650
08097475894
09004037247
09021256898
08023316585
09028109582

08022865990
09082174820
09048166639
09073503732
08014761004
08001603394

08056868704
08069525016
09081311130
08079983250
09082670318
09058397508
08089216650

09034494527
08079401342
09057805229


09044754095
09091285700

09092930594
09013461201
08074264136
09080511826
09063781003

08014232907
09023131211
08074729500
09045213833
08089666323
08060392606

09088343687

09044556745

08047043791
09019871353
09089635896
09087820400
09097239451
08065397840
09090078527
09065527732
09083912997
09080809843

08013844881
09099125505

08061309766


09045312632
09045078730
09006000912

09025944689
09017727020

08015607170
09092715003
09035102215
09059499345
08024589428
09014857392
08090349252
09020106199
08032806600
09016312454
09041282915
08018033447
09055290103
09051459039
09083364924
09033240887
09021796450
08000022078
09088605190
08096042787

08019451878
08091491763
08025846573
08045384092
09072642511
09081428970
09071499462
09086950345
09013930127

08037268636

08096555901
09084648212

08004458516
08084456948
09066574650
08068314902
09042062990
08061648578

08024201563
08056154775

09089335223
08094357119
08022229961
08076868738
08063378221
09080878819
09047849020
08041909305
09017605404
09046547536
08024866676
09003772800
09072005059
09058431477
09025215469
09024152204
09003578663
08026702115
08096037657

08005734210
08058897249
08037433832
09051553716
09031883185

08001824128
08002901551
08031056940
08066710056
09039768462
08011397385

08014683680
09052304926

09015850584
08080171251
08079736076
09081366503
08060223423
09098938931
09073876846
08026392773
09067325282
09016957469
08034996318
09097831851
08075363855
08076558895

09011466977
08060271974
09052048531
08081542847

08003003915
08048035335

08085109936

08059746370
08014319872
08015675813
08096483541
08089167337
09070911728
08041668559
08029396691
09005462997

08073333335
08089422197
08024485959
09006400112
09049151150
09094991317
09048894365
08001489813


09047906294
08093435841
09075523241

08063622784
08094433242
08053664099
09053828223
08072031758
08057901786

08007450416
08061181484
09045675972

08071474641
09079192136
08097616721
08061204571
09027615821
08003211995
08031599944
09011400198
08046903743
09084110500

09053407673
08027888553
08049285369
09085942716
08005176674
09045615843
08051439176
08068732842
08095297313

08002864137

08065615944
09004379455
09022058965
08026002811
08060150362
09041067797

09005313277

08098697539
09064844121


09066907719
09001689969

09005187016
08090132930
09021910938
09021298676
09079103703
08047087934
08037125601
08023341304
09084535883
09013096433
08015848792
08038279576
08015519665
09099122255
08044027308
08047771900
08015084035
09067500025
08000689104
08058090931
09075850033

08088577602
09011958394
09021511733
09067525860
08034729719

09099557193
09067585638
08088714420
09029881785

09090128337
09040669782
08081308143
08098057624
08085150524
08043312553


09097774101
09001677176
08012690624
08011579920
08080571423

09060091906
08076048934
09056156192
08047584660
09002661704
08062387200
08047641216


08051739439
08004330755
09000824357
09070508446
09031331588
09031175149
09046150165
08098364035

09030050751
09007908620
08030348036
09066486699

09051838446
08006479696

08061371490
09054858993
08059872544

09057772672
09031039715
09078914818
08032586644
09056991390
09074019160
08076860206
09090078062
08078544496
08015233139
08041852216
09020927685
09092706968
09096085072
09068369880
08091830182

08059371153
08006833889

08033930780
08019356052
08094966274
08011168757
09003620078
09002469627
08061833611
08012259833
09015924586
08055614152
08024832569
09089298779
08009316950
09094816834
09090365555
09036464609
08057542561
09075666572
08027584428
08090260173
08008909026

08062665025
08062724509
08088505671
08003547499
09015706629
08076382352
08095540811
09083298262
09082312201
08019017795
09087243448
08070185908
08080947095
09091710118
08002096086
09021758463
09085510747
09036735376
09080560031
08008603257
09014835183
09023267035
08023197312
09010136727
08020230933
08019188261
09048632917
09005587878
08025914627
08099124824
08092439972
09008482919
08083376200
09067719773
09025944552

09074212619
09003221728
09008887390
08034205619
09043028396
08090613790
09094948833
09012356100
08070843686
09073858746
09090393542
09045207987
09088147029
08089571153
09057428518

09014358465
09062053516
08010283857
08030334754
09096767649
08003071241
09043994755
08071790527
09040370751

08086326984
08069660174
08001506392
09078611779
09048469290
08008667682
09022537287

09014617245
08039819146
09048899205
08068147313

08003976718
08069600134
09082709705
09098560574
09051650516
09047417299
09045708124
08031296934
08087822126
09068029754
08003810535
09001979460
08012046682
09005339398
09004468469
09097609582
08073788477

08039676209
08032825501
09014726719
08025714240

09015444137
08070274634
08032293612
08047559707


09073420413
09083116424
08095752942
08035315309
09039833885
09091228415
08043603209
09041002411

08085754353
08044366433
08050813784
09065120530
08062701293
09061291834
09001751329
09037427885
09037413132

09015958900
09019806592
08025478675
08037839978

09004575964
09078649163
08075095243
09010671418
08057537375
08042309500
08076610034
09032912813
08009256271
09052266617
08041892940
08002024872
08034951361
09097647475
09056430769
09042869878

09071725767

09058463838
09035003554
08082706889
09088434412
09014271545
08050182251
08048999393
08022807742
08078112165
09042665807
09008974985
09044361049
09027466549

09076905044
08063301257
09084471277
08089465282
09046176762
09066382685

08030168576
08096772413
09053952807
09055174247
09032046638
09041218684
09036514613
09084356226
09008074229
09004118639
09004701456

09026527781
09092251426
09012338806
09009869457
08024333066

09072782289
08011542621
09079372696
09056108378
09074333204
09078601430
09097928486
08000234279
08001505700
08040651558
09082746525
09020063592

08000773562

08005871649
08021962336
08053052751


09081370116
09003523674
08019581547
08097823177
08057873624
09047582484
09046310526
08062283718
08063121486
08048093696

08074797415
08087572472
08022482743


08013191693

08078312871
09023797751
08014554688
09001290064
08001879166
08090865346
08041463095
09039742067
09015144830
09084744899

09018577614
08044701817
08007280151
08027028444
08015877497

08046226991


09075362163
08026415913
09057329533
08094101844
08052298732
09075113361
08098398599

09055511953
09015867974
09080877284
08019542641
08068613221
08047159554
09085888151
09005340587
09019370748
08083401919
08082125334
08088926737

09064009323


08057941342
08006951530
08066623834
09069417539
08065873626
09090007138
08065123817
09058917819
08096650623
08018412044
08025284213
08058535553
09027786959
08033659041

08042816147
08064990769
08059678358
08001852501
09036836328
08001191182
08097640542
09094225731
09046015013
09071269038
08056052411
09022612561
09099663194
09051255503
09000677660
08096259146
08016240595
08031871512
09075231585

08035883325
08092688206
09076733422
08068612068

09092972174
09063899260
08051693353
09051574040


09073577658
09052426917

09089574701
08037225978
09015373178
09048784505

08088969738

08048285592
09011527644
08065755663
09023802161
09034653487
08096993005
09019162125


08019397468
08056375803
08044071208
08040889937
09075787862
09000247551
08051281517
09023113936

08006521118
08099162648
09004429107

08022889517
08069419557
08099003732

08047184022
09078302994
08025226219
09045358347
09090076074
09024505592
09062543027
09060176813
09038843284

09088067545
09041357922
08082552449
08081653409
09053097216
09022858856
09061994133
09075219045
08076883144
09045766392
08032354539
08047053306
08095713963
09018640944
08025367512
09044654600
09071108386
08071459465
08014461710
08096912701

09004200326

09041748982
08043759702
09036671302

08060126789
09081045496
08088870341
09078888457

08019418314
08071999259
09016612976

08076494847
09039418076
08047148686
09098150801
08050784218
09066347126
08040546454
08043955741

09021639954

08043356234
08097928809
09082320896
08055000868
08092520342
09023664930
09088357493
09076159575
08038994116
09031256825
08046231759
09040911769
09057590470

09070848184
08033152886

08033341604
08089301670
08023518703

08007053644
09009121420
08059692385


09035466512
09082514752

09043688264
08066213678
08039412929
09013199449
08013520266

08031761990
09097365311
08003526714
09001798217
09029808093
08055773595

08098431897
09069737337
08068691860
09079727955
09005226737
08023606195


08097451446

09092039432
08004467372
08041991856

08041555230
08026154568
09083227313
08002330730
08013367426
09043119119
08065144747
08024823748
09084435027
09041300284
08030324072
08030376457
08091674436
09015562957
08079773501
09035105426
09078365322

09087461044
09094186834
09059253847
